//item.js 这个文件大家自己改吧 哈哈 找到相关的行 都有ID的 一看就明白了 下载好复杂 自己改又安全又解闷儿
目前这些是最新装备的数据
ItemOBJ = [
[0,0,0,0,1,0,0,0,"空手","ア",0,0],
[1,1,0,17,1,"3?4",40,0,"短剑","短剑",0,0],
[2,1,0,30,1,"3?4",50,0,"卡特短剑","卡特短剑",0,0],
[3,1,0,43,1,"3?4",60,0,"笨拙短剑","笨拙短剑",0,0],
[4,1,0,59,2,"2?3",50,12,"德克短剑","德克短剑",0,0],
[5,1,0,73,2,"2?3",60,12,"大驹短剑","大驹短剑",0,0],
[6,1,0,87,2,"2?3",70,12,"双刃短剑","双刃短剑",0,0],
[7,1,1,64,3,0,120,70,"金币短剑","金币短剑","击倒魔物时，机率(50%)得到1~100的Zeny",0],
[8,1,1,64,3,"0?2",80,65,"剧毒短剑","剧毒短剑",0,20,5,130,30,0],
[9,1,1,105,3,"2?3",70,24,"长柄短剑","长柄短剑",0,0],
[10,1,1,118,3,"1?2",80,24,"大马士革短剑","大马士革短剑",0,194,1,0],
[11,1,1,50,4,0,70,36,"月灵短剑","月灵短剑","给予敌伤害后，自己恢复Sp3。(魔法有效。)",16,10,0],
[12,1,1,90,4,0,50,36,"幸运短剑","幸运短剑",0,6,5,11,20,0],
[13,1,108,140,4,0,60,36,"妖短剑 泣神怨","妖短剑 泣神怨",0,20,7,12,2,15,20,16,15,0],
[14,1,1,140,4,"0?1",80,36,"沙尘短剑","沙尘短剑",0,42,10,44,10,194,1,0],
[15,1,1,180,4,0,80,36,"魔短剑 暗噬","魔短剑 暗噬",0,9,10,11,5,24,2,0],
[16,2,0,25,1,"3?4",50,2,"长剑","长剑",0,0],
[17,2,0,39,1,"3?4",60,2,"圆月刀","圆月刀",0,0],
[18,2,0,53,1,"3?4",70,2,"厚刃剑","厚刃剑",0,0],
[19,2,0,70,2,"2?3",50,14,"击刺长剑","击刺长剑",0,0],
[20,2,0,85,2,"2?3",70,14,"弯刀","弯刀",0,0],
[21,2,1,100,2,"2?3",90,14,"圆柄马刀","圆柄马刀",0,0],
[22,2,1,75,3,0,140,48,"生鱼片刀","生鱼片刀","击倒鱼贝种族时，40%的机率额外掉落生鱼片",20,4,0],
[23,2,0,90,3,0,80,5,"兽人刀","兽人刀",0,194,1,0],
[24,2,1,104,3,0,220,68,"寻宝之剑","寻宝之剑","击倒魔物时有机率额外掉落宝石",0],
[25,2,1,115,3,0,250,74,"寻矿之剑","寻矿之剑","击倒魔物时有机率额外掉落矿石",0],
[26,2,1,115,3,"2?3",100,27,"骑兵之剑","骑兵之剑",0,0],
[27,2,1,120,3,"1?2",90,27,"海东剑","海东剑",0,4,3,0],
[28,2,113,125,3,0,135,75,"神圣复仇者之剑","神圣复仇者之剑",0,3,2,20,6,0],
[29,2,1,130,3,"1?2",120,27,"日本刀","日本刀",0,0],
[30,2,61,150,3,"0?2",150,27,"水纹之剑","水纹之剑",0,0],
[31,2,1,85,4,0,120,40,"烈阳之剑","烈阳之剑","物理攻击时，增加100％机率，将对方受到的损伤1%转为自己的HP<BR>装备者每10秒消耗15SP",20,3,0],
[32,2,1,100,4,0,60,40,"水灵之刀","水灵之刀",0,20,1,220,105403,221,11005403,0],
[33,2,1,100,4,0,50,40,"火灵之剑","火灵之剑",0,20,3,220,105103,221,11005103,0],
[34,2,1,150,4,"0?1",30,40,"狂击之剑","狂击之剑",0,1,2,18,1,220,100605,0],
[35,2,1,160,4,0,100,40,"妖剑 弑光","妖剑 弑光","(无需红色魔力矿石)",20,7,48,15,5,3,231,10104901,0],
[36,2,1,200,4,0,100,40,"魔刀 吞神","魔刀 吞神","使用者每10秒消耗35HP",20,7,0],
[37,3,0,60,1,"3?4",100,4,"武士刀","武士刀",0,0],
[38,3,0,90,2,"2?3",130,18,"双手剑","双手剑",0,0],
[39,3,0,115,2,"2?3",160,18,"亚尔特剑","亚尔特剑",0,0],
[40,3,0,140,3,"1?2",200,33,"双手重剑","双手重剑",0,18,5,0],
[41,3,0,160,3,"1?2",220,33,"双手巨剑","双手巨剑",0,0],
[42,3,61,180,3,"0?2",250,33,"十字巨剑","十字巨剑",0,0],
[43,3,0,155,4,0,220,48,"死神之剑","死神之剑",0,37,20,57,-10,22,7,20,7,0],
[44,3,0,155,4,0,100,48,"名刀 不知火","名刀 不知火","每次挥刀时，约5%机率自己被诅咒",10,30,12,8,0],
[45,3,0,175,4,0,200,48,"亚蓝斯之剑","亚蓝斯之剑",0,3,10,18,10,0],
[46,3,0,200,4,"0?2",220,48,"巨大双手剑","巨大双手剑",0,194,1,0],
[47,3,0,200,4,0,100,48,"秘刀 十六夜月","秘刀 十六夜月","ASPD + 2",1,-5,9,30,24,3,0],
[48,4,0,28,1,"3?4",70,4,"长戟","长戟",0,0],
[49,4,0,44,1,"3?4",85,4,"长矛","长矛",0,0],
[50,4,0,60,1,"3?4",100,4,"步兵长矛","步兵长矛",0,0],
[51,4,0,160,3,1,380,71,"镰戟","镰戟",0,1,1,4,2,5,1,0],
[52,4,0,120,4,"0?2",50,48,"刚尼尔长矛","刚尼尔长矛",0,8,30,20,4,86,25,0],
[53,5,0,84,2,"2?3",100,18,"弯刃长矛","弯刃长矛",0,0],
[54,5,0,104,2,"2?3",120,18,"长枪","长枪",0,0],
[55,5,0,124,2,"1?2",200,18,"双刃长戟","双刃长戟",0,0],
[56,5,0,150,3,"2?3",120,33,"德瑞尹长戟","德瑞尹长戟",0,0],
[57,5,0,165,3,"1?2",250,33,"斧锤长矛","斧锤长矛",0,0],
[58,5,0,185,3,0,250,33,"骑士长矛","骑士长矛",0,0],
[59,5,0,170,4,0,200,48,"风灵之矛","风灵之矛",0,20,4,221,11005703,0],
[60,5,0,180,4,"0?1",250,48,"死神之镰","死神之镰",0,8,10,10,30,0],
[61,6,0,38,1,"3?4",80,3,"斧","斧",0,0],
[62,6,0,75,3,0,150,3,"兽人斧","兽人斧",0,0],
[63,6,66,145,3,1,420,76,"血腥战斧","血腥战斧",0,5,2,6,2,0],
[64,7,1,80,1,"3?4",150,3,"巨斧","巨斧",0,0],
[65,7,1,120,2,"2?3",200,16,"钢斧","钢斧",0,0],
[66,7,1,155,3,"1?2",220,30,"毁灭之斧","毁灭之斧",0,0],
[67,7,1,185,3,"1?2",250,30,"双手斧","双手斧",0,0],
[68,7,0,170,4,0,400,44,"血斧","血斧","无时限移动速度增加",1,10,0],
[69,7,0,180,4,0,230,44,"智天使之斧","智天使之斧",0,20,6,36,3,220,102503,0],
[70,7,0,187,4,0,180,44,"克莱伊特斧","克莱伊特斧","使用金钱攻击时，对象会被击退5格",131,15,0],
[71,8,0,23,1,"3?4",70,2,"木锤","木锤",0,0],
[72,8,0,37,1,"3?4",80,2,"铁锤","铁锤",0,0],
[73,8,0,54,2,"2?3",100,14,"思麦斯铁锤","思麦斯铁锤",0,0],
[74,8,1,69,2,"2?3",90,14,"流星锤","流星锤",0,0],
[75,8,1,84,2,"2?3",80,14,"链锤","链锤",0,0],
[76,8,1,110,3,"1?2",150,27,"日星锤","日星锤",0,0],
[77,8,53,110,3,0,250,55,"钣手","钣手","被攻击的对象，机率受到昏眩、黑暗、中毒、冰冻状态。机率独立，各5%",0],
[78,8,1,130,3,"0?1",120,27,"尖刃铁锤","尖刃铁锤",0,0],
[79,8,53,140,3,"0?2",200,27,"昏迷之锤","昏迷之锤",0,131,10,0],
[80,8,63,155,3,0,300,78,"高尔夫球杆","高尔夫球杆",0,0],
[81,8,53,110,4,1,80,40,"黄金之锤","黄金之锤",0,49,10,0],
[82,8,53,135,4,0,80,40,"秘银长锤","秘银长锤","基本射程3",78,10,0],
[83,8,53,140,4,0,80,40,"圣锤 十字星","圣锤 十字星","物理或魔法击中不死种族敌人时，回复SP1<BR>使用物理攻击打倒不死种族敌人时，回复SP3",20,6,221,19810203,0],
[84,8,70,250,4,0,600,95,"雷神之锤","雷神之锤",0,20,4,1,15,5,40,12,10,0],
[85,9,0,15,1,"3?4",40,0,"手杖","手杖",0,88,15,0],
[86,9,0,25,2,"2?3",40,12,"橡木魔杖","橡木魔杖",0,4,1,88,15,0],
[87,9,1,40,2,"2?3",40,12,"智慧魔杖","智慧魔杖",0,4,2,88,15,0],
[88,9,55,25,3,0,140,73,"灵魂之杖","灵魂之杖",0,4,5,2,2,88,15,195,1,0],
[89,9,1,40,3,0,70,24,"骷髅魔杖","骷髅魔杖",0,4,4,20,9,88,15,0],
[90,9,1,60,3,"1?2",40,24,"言灵魔杖","言灵魔杖",0,4,3,88,15,0],
[91,9,1,75,3,0,70,24,"圣杖 英灵","圣杖 英灵",0,4,3,88,15,0],
[92,9,55,120,4,0,240,90,"大巫师之杖","大巫师之杖",0,4,6,5,2,88,15,195,1,0],
[93,9,1,130,3,0,70,24,"巫杖 魂咬","巫杖 魂咬","每次主动物理攻击，打中一名敌人(包括属性零伤害)，自己消耗sp2",1,10,88,15,0],
[94,10,0,15,1,"3?4",50,4,"弓","弓",0,0],
[95,10,0,29,1,"3?4",60,4,"坎普兹弓","坎普兹弓",0,0],
[96,10,0,50,2,"2?3",100,18,"克罗伊特弓","克罗伊特弓",0,0],
[97,10,0,65,2,"2?3",90,18,"十字弓","十字弓",0,0],
[98,10,0,90,3,"1?2",100,33,"亚伯雷弓","亚伯雷弓",0,5,2,0],
[99,10,80,95,3,1,200,65,"十字机弩","十字机弩","射程+6",0],
[100,10,0,100,3,"1?2",110,33,"角弓","角弓",0,0],
[101,10,110,125,3,"0?1",110,33,"猎人之弓","猎人之弓",0,0],
[102,10,102,75,4,0,50,48,"盗贼之弓","盗贼之弓","射程+6",0],
[103,10,64,145,4,"0?1",350,77,"贝利斯塔强弩","贝利斯塔强弩",0,0],
[104,10,0,150,4,0,120,48,"炽天使之弓","炽天使之弓",0,4,5,150,50,153,50,154,50,156,50,157,50,220,102501,230,102601,0],
[105,11,0,125,2,"2?3",80,18,"拳刃","拳刃",0,0],
[106,11,0,105,3,0,120,55,"风灵拳刃","风灵拳刃","物理攻击命中对象时，低机率睡眠",20,4,0],
[107,11,0,105,3,0,120,55,"刺藤拳刃","刺藤拳刃","物理攻击命中对象时，低机率黑暗",20,2,0],
[108,11,0,105,3,0,120,55,"火灵拳刃","火灵拳刃","物理攻击命中对象时，低机率沉默",20,3,0],
[109,11,0,105,3,0,120,55,"冰灵拳刃","冰灵拳刃","物理攻击命中对象时，低机率冰冻",20,1,0],
[110,11,0,148,3,"1?2",120,33,"卡塔勒拳刃","卡塔勒拳刃",0,5,1,0],
[111,11,0,150,3,0,170,65,"骸灵拳刃","骸灵拳刃",0,20,9,0],
[112,11,0,165,3,"0?1",150,33,"秘刃 暗啸","秘刃 暗啸",0,0],
[113,11,0,140,4,"0?1",150,75,"刺杀拳刃","刺杀拳刃",0,37,50,18,3,9,5,11,2,0],
[114,12,0,85,2,3,60,14,"书","书",0,0],
[115,12,0,90,3,0,75,27,"风灵之书","风灵之书",0,20,4,0],
[116,12,0,90,3,0,75,27,"水灵之书","水灵之书",0,20,1,0],
[117,12,0,90,3,0,75,27,"火灵之书","火灵之书",0,20,3,0],
[118,12,0,90,3,0,75,27,"地灵之书","地灵之书",0,20,2,0],
[119,12,0,115,3,2,100,27,"圣言之书","圣言之书",0,4,2,0],
[120,12,0,125,3,1,80,27,"智慧石碑","智慧石碑",0,0],
[121,12,0,60,4,1,30,40,"日记本","日记本",0,1275,150,0],
[122,12,0,120,4,0,80,40,"预言录","预言录",0,20,7,41,7,42,7,43,7,44,7,0],
[123,13,0,30,1,"3?4",40,0,"虎爪拳套","虎爪拳套",0,0],
[124,13,0,50,2,"2?3",45,12,"钢铁拳套","钢铁拳套",0,0],
[125,13,0,65,2,"2?3",45,12,"贺勒拳套","贺勒拳套",0,0],
[126,13,0,86,3,"1?2",50,24,"龙爪拳套","龙爪拳套",0,1,2,0],
[127,13,0,97,3,"1?2",50,24,"鹰爪拳套","鹰爪拳套",0,0],
[128,13,0,115,3,"0?1",65,24,"升龙拳套","升龙拳套",0,0],
[129,14,0,50,1,"3?4",70,2,"小提琴","小提琴",0,0],
[130,14,0,90,2,"2?3",40,14,"曼陀林","曼陀林",0,0],
[131,14,0,105,2,"2?3",50,14,"鲁特琴","鲁特琴",0,0],
[132,14,0,114,3,"1?2",90,27,"竖琴","竖琴",0,4,2,0],
[133,14,0,126,3,"1?2",130,27,"焚鹤琴","焚鹤琴",0,0],
[134,14,0,142,3,"0?1",90,27,"吉他","吉他",0,0],
[135,15,0,45,1,"3?4",40,3,"鞭子","鞭子",0,0],
[136,15,0,80,2,"2?3",30,16,"细长鞭子","细长鞭子",0,0],
[137,15,0,95,2,"2?3",100,16,"钢铁鞭子","钢铁鞭子",0,0],
[138,15,0,105,3,"1?2",70,30,"流星鞭子","流星鞭子",0,6,3,0],
[139,15,0,120,3,"1?2",70,30,"幸运鞭子","幸运鞭子",0,0],
[140,15,0,135,3,"0?1",90,30,"玛哪鞭子","玛哪鞭子",0,0],
[141,15,0,135,4,0,70,44,"秘鞭 眷恋","秘鞭 眷恋","武器Atk：135",10,5,9,10,11,2,0],
[142,50,0,0,0,0,0,0,"头上段 未装备","ア",0,0],
[143,50,0,0,0,0,70,0,"粪便帽","粪便帽",0,57,10,193,1,0],
[144,50,0,0,0,0,10,0,"婚礼头纱(MDEF+5)","婚礼头纱(MDEF+5)",0,19,5,0],
[145,50,1,0,0,0,15,14,"丸子头饰","丸子头饰",0,0],
[146,50,0,0,0,0,10,0,"爱心发夹","爱心发夹",0,0],
[147,50,1,0,0,0,10,0,"时尚太阳眼镜","时尚太阳眼镜",0,0],
[148,50,0,0,0,0,10,0,"发箍(MDEF+3)","发箍(MDEF+3)",0,193,1,0],
[149,50,0,0,0,0,15,0,"蜡烛头饰","蜡烛头饰",0,0],
[150,50,0,0,0,0,10,0,"光环","光环",0,66,15,193,1,0],
[151,50,0,0,0,0,10,0,"上弦月发夹","上弦月发夹",0,0],
[152,50,0,0,0,0,10,0,"花朵头饰","花朵头饰",0,53,10,193,1,0],
[153,50,1,0,0,0,50,0,"灯泡发圈","灯泡发圈",0,0],
[154,50,56,0,0,0,100,0,"包袱帽","包袱帽",0,0],
[155,50,1,0,0,0,10,0,"亡者发箍(AGI+2)","亡者发箍(AGI+2)",0,2,2,68,10,0],
[156,50,1,0,0,0,20,30,"Ｐ苹果头饰(DEX+3)","Ｐ苹果头饰(DEX+3)",0,5,3,0],
[157,50,1,1,0,0,80,0,"出游帽子","出游帽子",0,0],
[158,50,0,1,0,0,100,0,"蛋糕帽","蛋糕帽",0,0],
[159,50,1,1,0,0,30,50,"厨师帽(DEX+1)","厨师帽(DEX+1)",0,5,1,0],
[160,50,0,1,0,0,10,0,"圣诞帽(LUK+1、MDEF+1)","圣诞帽(LUK+1、MDEF+1)",0,19,1,6,1,0],
[161,50,0,1,0,0,10,0,"星星发夹","星星发夹",0,0],
[162,50,55,1,0,0,30,0,"魔法师帽(INT+2、MSP+150)","魔法师帽(INT+2、MSP+150)",0,4,2,14,150,0],
[163,50,1,1,0,0,10,0,"小丑帽(LUK+2、MDEF+5)","小丑帽(LUK+2、MDEF+5)",0,19,5,6,2,0],
[164,50,0,1,0,0,10,0,"竹蜻蜓发圈","竹蜻蜓发圈",0,0],
[165,50,0,1,0,"0?1",10,0,"紫蝶发带(MDEF+3)","紫蝶发带(MDEF+3)",0,19,3,0],
[166,50,1,1,0,0,10,0,"粉纱发圈(MSP+20)","粉纱发圈(MSP+20)",0,14,20,193,1,0],
[167,50,0,1,0,0,10,0,"戏剧头盔","戏剧头盔",0,193,1,0],
[168,50,1,1,0,0,10,0,"花冠","花冠",0,193,1,0],
[169,50,0,1,0,0,15,0,"条纹发带","条纹发带",0,193,1,0],
[170,50,1,1,0,0,25,10,"十字架发圈","十字架发圈",0,0],
[171,50,0,1,0,0,15,0,"蓝色发带","蓝色发带",0,0],
[172,50,0,1,0,0,10,0,"丧礼帽","丧礼帽",0,193,1,0],
[173,50,0,1,0,0,10,0,"向日葵头饰","向日葵头饰",0,54,10,193,1,0],
[174,50,0,1,0,0,40,0,"停止标示头饰","停止标示头饰",0,0],
[175,50,1,1,0,0,10,0,"眼镜头饰","眼镜头饰",0,193,1,0],
[176,50,0,1,0,0,10,0,"方头巾","方头巾",0,0],
[177,50,0,1,0,0,10,0,"火线头饰","火线头饰",0,193,1,0],
[178,50,0,2,0,0,10,0,"兔耳发圈(LUK+2)","兔耳发圈(LUK+2)",0,6,2,0],
[179,50,0,2,0,"0?1",20,0,"渔夫帽","渔夫帽",0,0],
[180,50,0,2,0,0,10,0,"头巾","头巾",0,0],
[181,50,1,2,0,0,70,38,"波利帽","波利帽",0,0],
[182,50,0,2,0,0,10,0,"花发圈","花发圈",0,0],
[183,50,1,2,0,0,10,0,"学生帽","学生帽",0,0],
[184,50,53,2,0,0,10,0,"护士帽(INT+1)","护士帽(INT+1)",0,4,1,0],
[185,50,1,2,0,0,80,64,"小恶魔帽(STR+1、INT+1)","小恶魔帽(STR+1、INT+1)",0,1,1,4,1,0],
[186,50,0,2,0,0,10,0,"兽角头饰","兽角头饰",0,0],
[187,50,1,2,0,0,20,0,"红蝶发带(MDEF+3)","红蝶发带(MDEF+3)",0,19,3,0],
[188,50,1,2,0,0,10,0,"天使发圈(AGI+1、LUK+1)","天使发圈(AGI+1、LUK+1)",0,2,1,6,1,19,3,56,3,0],
[189,50,0,2,0,0,10,0,"猫耳发圈","猫耳发圈",0,0],
[190,50,0,2,0,0,10,0,"触角头饰","触角头饰",0,193,1,0],
[191,50,0,3,0,0,10,0,"天线头饰","天线头饰",0,0],
[192,50,0,3,0,0,10,0,"印地安发箍","印地安发箍",0,0],
[193,50,1,3,0,0,40,0,"牛仔帽","牛仔帽",0,0],
[194,50,1,3,0,0,40,0,"回忆帽","回忆帽",0,0],
[195,50,0,3,0,0,50,0,"卡普拉发圈(MDEF+3)","卡普拉发圈(MDEF+3)",0,19,3,0],
[196,50,1,3,0,0,30,0,"黄金冠冕(INT+1)","黄金冠冕(INT+1)",0,4,1,0],
[197,50,77,3,0,"0?1",30,0,"头箍","头箍",0,19,3,0],
[198,50,77,3,0,0,50,50,"魔术师帽(AGI+1、DEX+1、MSP+50)","魔术师帽(AGI+1、DEX+1、MSP+50)",0,2,1,5,1,14,50,0],
[199,50,1,3,0,0,40,0,"绅士帽","绅士帽",0,0],
[200,50,1,3,0,0,90,20,"魔菇帽","魔菇帽",0,0],
[201,50,1,3,0,0,90,50,"狸猫帽","狸猫帽",0,0],
[202,50,1,3,0,0,80,40,"熊猫帽","熊猫帽",0,0],
[203,50,1,3,0,0,20,0,"耳机","耳机",0,153,10,0],
[204,50,1,3,0,0,20,55,"领导者头箍(STR+1、INT+1)","领导者头箍(STR+1、INT+1)",0,1,1,4,1,6,1,19,4,0],
[205,50,1,3,0,0,10,0,"恶魔发圈(STR+1、MDEF+2)","恶魔发圈(STR+1、MDEF+2)",0,1,1,19,2,58,3,0],
[206,50,1,3,0,0,10,0,"医师发箍(INT+1)","医师发箍(INT+1)",0,4,1,0],
[207,50,1,3,0,0,10,0,"海盗头巾(STR+1)","海盗头巾(STR+1)",0,1,1,0],
[208,50,1,3,0,0,20,0,"学士帽","学士帽",0,0],
[209,50,0,3,0,0,30,0,"草帽(AGI+1)","草帽(AGI+1)",0,2,1,0],
[210,50,1,3,0,"0?1",30,0,"圆帽","圆帽",0,0],
[211,50,1,3,0,0,50,0,"安全帽(MDEF+3)","安全帽(MDEF+3)",0,19,3,0],
[212,50,0,3,0,0,20,0,"耳罩","耳罩",0,153,10,0],
[213,50,0,3,0,0,20,0,"蛋壳帽","蛋壳帽",0,193,1,0],
[214,50,55,4,0,0,30,0,"魔法帽","魔法帽",0,14,100,0],
[215,50,56,4,0,0,120,38,"破产之哀(INT+1、DEX+1)","破产之哀(INT+1、DEX+1)",0,4,1,5,1,0],
[216,50,75,4,0,"0?1",40,0,"无边帽","无边帽",0,0],
[217,50,1,4,0,0,40,45,"王冠(INT+2)","王冠(INT+2)",0,4,2,0],
[218,50,72,4,0,0,60,60,"首领冠冕(INT+2、LUK+1)","首领冠冕(INT+2、LUK+1)",0,4,2,6,1,19,3,0],
[219,50,72,4,0,"0?1",50,0,"宝石头盔(MDEF+3)","宝石头盔(MDEF+3)",0,19,3,0],
[220,50,1,4,0,0,40,45,"后冠(INT+2)","后冠(INT+2)",0,4,2,0],
[221,50,53,4,0,"0?1",10,0,"圣职之帽","圣职之帽",0,0],
[222,50,72,4,0,0,40,0,"普隆德拉军帽","普隆德拉军帽",0,0],
[223,50,0,4,0,0,40,19,"蓝白蛋壳帽","蓝白蛋壳帽",0,193,1,0],
[224,50,54,4,0,0,30,0,"羽毛帽(AGI+1)","羽毛帽(AGI+1)",0,2,1,0],
[225,50,78,4,0,0,150,55,"矿坑安全帽(DEX+2)","矿坑安全帽(DEX+2)",0,5,2,0],
[226,50,1,4,0,0,50,0,"鹿角头饰","鹿角头饰",0,0],
[227,50,0,4,0,0,15,5,"水果皮帽","水果皮帽",0,193,1,0],
[228,50,79,4,0,0,240,0,"太阳神头盔(STR+3、INT+2)","太阳神头盔(STR+3、INT+2)","上中段使用",1,3,4,2,0],
[229,50,72,5,0,"0?1",50,0,"兽人头盔","兽人头盔",0,0],
[230,50,1,5,0,"0?1",50,0,"海盗船长帽(VIT+1)","海盗船长帽(VIT+1)",0,3,1,0],
[231,50,86,5,0,"0?1",80,0,"山羊头盔(STR+1)","山羊头盔(STR+1)",0,1,1,0],
[232,50,0,5,0,0,30,30,"神秘水果皮帽","神秘水果皮帽",0,193,1,0],
[233,50,53,5,0,"0?1",10,0,"神圣之帽","神圣之帽",0,19,3,0],
[234,50,79,5,0,0,160,74,"天使头盔(AGI+1、LUK+1)","天使头盔(AGI+1、LUK+1)",0,2,1,6,1,19,3,0],
[235,50,1,5,0,"0?1",90,40,"黄金帽","黄金帽",0,0],
[236,50,75,5,0,"0?1",30,0,"防风皮革眼镜","防风皮革眼镜","上中段使用",0],
[237,50,0,5,0,"0?1",30,0,"妖道帽","妖道帽","上中下段使用",193,1,0],
[238,50,0,5,0,"0?1",30,0,"僵尸帽","僵尸帽","上中下段使用",51,10,193,1,0],
[239,50,51,5,0,"0?1",300,65,"人面狮身帽","人面狮身帽","上下段使用",1,2,193,1,0],
[240,50,85,6,0,"0?1",100,50,"尖角发圈","尖角发圈",0,0],
[241,50,51,6,0,"0?1",60,0,"金属头盔","金属头盔",0,0],
[242,50,70,7,0,"0?1",80,70,"骨制头盔","骨制头盔",0,67,-15,0],
[243,51,0,0,0,0,0,0,"头中段 未装备","ア",0,0],
[244,51,0,0,0,"0?1",10,0,"眼镜","眼镜",0,0],
[245,51,0,0,0,"0?1",10,0,"太阳眼镜","太阳眼镜",0,154,5,0],
[246,51,0,0,0,0,10,0,"泳镜","泳镜",0,0],
[247,51,0,0,0,0,10,0,"红晕","红晕",0,0],
[248,51,0,0,0,0,10,0,"独眼龙眼罩","独眼龙眼罩",0,0],
[249,51,1,0,0,0,10,0,"时髦眼罩","时髦眼罩",0,0],
[250,51,1,0,0,0,10,0,"蝴蝶假面","蝴蝶假面",0,37,3,0],
[251,51,0,0,0,0,10,0,"单眼眼镜","单眼眼镜",0,0],
[252,51,1,0,0,0,10,0,"眼罩","眼罩",0,154,100,0],
[253,51,1,0,0,0,10,70,"妖精长耳朵饰","妖精长耳朵饰",0,0],
[254,51,0,1,0,0,10,0,"旋转眼镜","旋转眼镜",0,154,15,0],
[255,51,1,1,0,0,10,0,"颓废眼镜","颓废眼镜",0,0],
[256,51,1,1,0,0,20,20,"歌剧之魂假面","歌剧之魂假面",0,0],
[257,51,1,1,0,0,10,0,"迷你眼镜","迷你眼镜",0,0],
[258,51,0,1,0,0,10,0,"高级太阳眼镜","高级太阳眼镜",0,154,10,0],
[259,51,54,1,0,0,10,50,"望远镜","望远镜(DEX+1)",0,5,1,0],
[260,51,0,1,0,0,10,0,"大眼睛眼镜","大眼睛眼镜",0,0],
[261,51,1,1,0,0,10,0,"防毒面具","防毒面具","中下段使用",150,30,0],
[262,51,1,1,0,0,10,0,"哥布灵面具","哥布灵面具","中下段使用",0],
[263,51,1,1,0,0,10,0,"整人面具","整人面具","中下段使用",0],
[264,51,0,1,0,0,10,0,"笑脸面具","笑脸面具","中下段使用",0],
[265,51,51,2,0,0,30,65,"剑士头盔","剑士头盔",0,0],
[266,51,1,2,0,0,20,0,"舞会面具","舞会面具","中下段使用",0],
[267,51,56,2,0,0,30,50,"钢铁面具","钢铁面具","中下段使用",63,10,0],
[268,52,0,0,0,0,0,0,"头下段 未装备","ア",0,0],
[269,52,1,0,0,0,10,0,"香烟","香烟",0,54,3,0],
[270,52,0,0,0,0,10,0,"侍卫口罩","侍卫口罩",0,156,15,0],
[271,52,1,0,0,0,10,0,"烟斗","烟斗",0,54,3,0],
[272,52,0,0,0,0,10,0,"小丑鼻子","小丑鼻子",0,0],
[273,52,0,0,0,0,10,0,"口罩","口罩",0,156,10,0],
[274,52,1,0,0,0,10,0,"花叶","花叶",0,53,3,0],
[275,52,1,0,0,0,20,0,"氧气罩","氧气罩",0,150,20,0],
[276,52,1,0,0,0,10,0,"草叶","草叶",0,53,3,0],
[277,52,0,0,0,0,10,0,"白胡须","白胡须",0,0],
[278,52,51,1,0,0,30,50,"金属口罩","金属口罩",0,0],
[279,60,0,0,0,0,0,0,"铠 未装备","ア",0,0],
[280,60,1,0,0,0,50,0,"结婚礼服","结婚礼服",0,19,15,0],
[281,60,0,1,0,"0?1",10,0,"棉衬衫","棉衬衫",0,0],
[282,60,0,2,0,"0?1",20,0,"皮制外套","皮制外套",0,0],
[283,60,0,3,0,"0?1",30,0,"冒险衣","冒险衣",0,0],
[284,60,71,3,0,"0?1",40,0,"丝质外袍","丝质外袍",0,19,10,0],
[285,60,70,4,0,"0?1",100,0,"木制铠甲","木制铠甲",0,0],
[286,60,55,4,0,"0?1",70,0,"秘银之衣","秘银之衣",0,0],
[287,60,53,4,0,"0?1",40,0,"圣职之袍","圣职之袍",0,0],
[288,60,0,4,0,0,10,0,"Ｓ三角裤","Ｓ三角裤",0,0],
[289,60,1,4,0,"0?1",60,0,"大衣","大衣",0,0],
[290,60,50,4,0,1,50,10,"初学者胸铠","初学者胸铠",0,0],
[291,60,1,5,0,1,30,0,"西装","西装",0,0],
[292,60,55,5,0,0,60,50,"魔法外套","魔法外套",0,19,5,4,1,0],
[293,60,1,5,0,"0?1",120,0,"长大衣","长大衣",0,0],
[294,60,52,6,0,"0?1",10,0,"盗贼之衣","盗贼之衣",0,2,1,0],
[295,60,73,6,0,"0?1",60,0,"圣职之衣","圣职之衣",0,19,5,0],
[296,60,54,6,0,"0?1",45,50,"紧身便衣","紧身便衣",0,5,1,0],
[297,60,1,6,0,1,230,30,"毛皮大衣","毛皮大衣",0,0],
[298,60,72,7,0,"0?1",280,0,"铁制铠甲","铁制铠甲",0,0],
[299,60,53,7,0,0,170,70,"天衣 月舞","天衣 月舞",0,19,5,56,15,67,10,0],
[300,60,52,7,0,"0?1",150,50,"忍服 血樱","忍服 血樱",0,2,1,19,3,0],
[301,60,72,8,0,"0?1",330,0,"钢铁锁子甲","钢铁锁子甲",0,0],
[302,60,56,8,0,1,250,70,"秘衣 美德","秘衣 美德",0,4,1,19,5,0],
[303,60,51,10,0,"0?1",450,40,"钢铁铠甲","钢铁铠甲",0,0],
[304,60,113,11,0,"0?1",550,70,"秘银金属铠甲","秘银金属铠甲",0,0],
[305,61,0,0,0,0,0,0,"盾 未装备","ア",0,0],
[306,61,0,3,0,"0?1",30,0,"铁盾","铁盾",0,0],
[307,61,55,3,0,"0?1",100,0,"谎言纪录本","谎言纪录本",0,19,2,4,1,0],
[308,61,74,4,0,"0?1",60,0,"圆盾","圆盾",0,0],
[309,61,87,4,0,"0?1",100,0,"镜盾","镜盾",0,19,5,0],
[310,61,51,6,0,"0?1",130,0,"钢盾","钢盾",0,0],
[311,62,0,0,0,0,0,0,"披肩 未装备","ア",0,0],
[312,62,0,1,0,"0?1",20,0,"连帽披肩","连帽披肩",0,0],
[313,62,1,1,0,0,50,0,"抗魔斗篷","抗魔斗篷",0,19,10,0],
[314,62,1,2,0,"0?1",40,0,"披肩","披肩",0,0],
[315,62,1,2,0,"0?1",60,40,"伯爵斗篷","伯爵斗篷",0,2,1,0],
[316,62,84,4,0,"0?1",60,0,"斗篷","斗篷",0,0],
[317,63,0,0,0,0,0,0,"靴 未装备","ア备",0,0],
[318,63,1,0,0,0,10,0,"玻璃鞋","玻璃鞋",0,19,10,6,5,0],
[319,63,1,5,0,0,350,94,"史雷普尼尔之靴","史雷普尼尔之靴",0,15,20,16,20,19,10,76,15,0],
[320,63,0,1,0,"0?1",20,0,"轻便鞋","轻便鞋",0,0],
[321,63,1,2,0,"0?1",40,0,"长靴","长靴",0,0],
[322,63,1,2,0,0,60,0,"抗魔鞋","抗魔鞋",0,19,5,0],
[323,63,0,3,0,0,300,0,"脚炼","脚炼",0,0],
[324,63,83,4,0,"0?1",60,0,"战士长靴","战士长靴",0,0],
[325,63,61,5,0,"0?1",75,65,"重靴","重靴",0,0],
[326,64,0,0,0,0,0,0,"装饰品 未装备","ア",0,0],
[327,64,1,0,0,0,10,20,"智力耳环","智力耳环",0,4,2,0],
[328,64,1,0,0,1,10,90,"智力耳环(s)","智力耳环(s)",0,4,1,0],
[329,64,0,0,0,1,5,0,"发夹","发夹",0,14,10,0],
[330,64,1,0,0,0,5,40,"潜能戒指","潜能戒指",0,10,5,0],
[331,64,1,0,0,0,10,20,"防御手套","防御手套",0,5,2,0],
[332,64,1,0,0,1,10,90,"防御手套(s)","防御手套(s)",0,5,1,0],
[333,64,1,0,0,0,10,50,"永恒戒指","永恒戒指",0,0],
[334,64,1,0,0,0,10,20,"体力项炼","体力项炼",0,3,2,0],
[335,64,1,0,0,1,10,90,"体力项炼(s)","体力项炼(s)",0,3,1,0],
[336,64,50,0,0,1,20,0,"初学者手镯","初学者手镯",0,0],
[337,64,1,0,0,0,10,20,"敏捷别针","敏捷别针",0,2,2,0],
[338,64,1,0,0,1,10,90,"敏捷别针(s)","敏捷别针(s)",0,2,1,0],
[339,64,0,0,0,1,120,25,"皮带","皮带",0,0],
[340,64,1,0,0,0,10,20,"力量戒指","力量戒指",0,1,2,0],
[341,64,1,0,0,1,10,90,"力量戒指(s)","力量戒指(s)",0,1,1,0],
[342,64,1,0,0,0,10,20,"幸运珠炼","幸运珠炼",0,19,5,6,2,0],
[343,64,1,0,0,1,10,90,"幸运珠炼(s)","幸运珠炼(s)",0,19,3,6,1,0],
[344,64,54,0,0,"0?1",10,65,"神射手套","神射手套",0,25,3,0],
[345,64,1,1,0,0,10,35,"黑狐颈炼","黑狐颈炼",0,2,1,0],
[346,64,1,1,0,0,10,35,"智慧手套","智慧手套",0,4,1,0],
[347,64,0,1,0,0,150,94,"女神颈炼","女神颈炼",0,1,6,2,6,3,6,4,6,6,10,19,5,0],
[348,64,0,2,0,0,800,94,"雷神腰带","雷神腰带",0,1,40,19,7,0],
[349,64,1,3,0,0,10,40,"防御戒指","防御戒指",0,19,3,0],
[350,50,1,0,0,0,10,75,"蜂后的王冠(INT+2、MSP+100)","蜂后的王冠(INT+2、MSP+100)",0,4,2,14,100,0],
[351,50,0,1,0,0,20,45,"红色领带发带(MDEF+10)","红色领带发带(MDEF+10)",0,19,10,0],
[352,50,1,1,0,0,20,0,"印地安发圈(DEX+1)","印地安发圈(DEX+1)",0,5,1,0],
[353,50,1,1,0,0,30,0,"狐狸假面(AGI+1、LUK+1)","狐狸假面(AGI+1、LUK+1)",0,2,1,6,1,0],
[354,50,0,1,0,0,10,0,"Ｘ字发夹","Ｘ字发夹",0,0],
[355,50,0,1,0,0,50,0,"懒洋洋的猫(MDEF+15)","懒洋洋的猫(MDEF+15)",0,19,15,153,30,0],
[356,50,0,1,0,0,10,0,"郁金香发夹","郁金香发夹",0,0],
[357,50,1,1,0,0,10,0,"热血发圈(STR+2)","热血发圈(STR+2)",0,1,2,0],
[358,50,0,1,0,0,10,0,"花卉发夹","花卉发夹",0,0],
[359,50,1,1,0,0,10,0,"ＯＫ棒","ＯＫ棒",0,0],
[360,50,0,1,0,0,10,0,"变身树叶","变身树叶",0,0],
[361,50,1,1,0,0,50,0,"讨厌的狸猫","讨厌的狸猫",0,155,20,0],
[362,51,0,1,0,0,10,45,"红色小发带","红色小发带",0,0],
[363,50,0,2,0,0,50,50,"蓝色鱼","蓝色鱼",0,35,10,0],
[364,51,1,2,0,0,10,0,"钟怪面具","钟怪面具","中下段使用",154,50,0],
[365,50,1,2,0,0,20,35,"巨大的金铃铛","巨大的金铃铛","上中段使用",0],
[366,50,0,2,0,0,10,0,"香菇发圈","香菇发圈",0,0],
[367,50,0,2,0,0,20,45,"黑猫耳朵","黑猫耳朵",0,0],
[368,50,1,2,0,0,70,0,"姿态矫正之帽(DEX+2)","姿态矫正之帽(DEX+2)",0,5,2,0],
[369,50,0,2,0,0,35,0,"毛帽(LUK+1)","毛帽(LUK+1)",0,6,1,0],
[370,50,0,3,0,0,30,0,"派对帽(LUK+1)","派对帽(LUK+1)",0,6,1,0],
[371,50,0,3,0,0,80,50,"小熊帽","小熊帽",0,0],
[372,50,0,3,0,0,20,50,"遮阳帽(AGI+1)","遮阳帽(AGI+1)",0,2,1,0],
[373,50,0,3,0,0,80,0,"海獭帽(VIT+1)","海獭帽(VIT+1)",0,3,1,0],
[374,50,1,4,0,0,80,70,"恶魔侍者的角(AGI+1、MDEF+10)","恶魔侍者的角(AGI+1、MDEF+10)",0,2,1,19,10,0],
[375,50,0,4,0,0,50,0,"荒野之帽","荒野之帽",0,0],
[376,50,0,4,0,0,40,45,"古代女王的王冠","古代女王的王冠",0,0],
[377,50,1,4,0,0,80,70,"恶魔女仆的角(INT+1、MDEF+10)","恶魔女仆的角(INT+1、MDEF+10)",0,4,1,19,10,0],
[378,50,1,4,0,0,35,0,"墨西哥帽(AGI+1)","墨西哥帽(AGI+1)",0,2,1,0],
[379,50,1,5,0,0,90,55,"兽人英雄头盔(STR+2、VIT+1)","兽人英雄头盔(STR+2、VIT+1)",0,1,2,3,1,0],
[380,50,81,5,0,0,30,65,"修女的帽子(无洞)","修女的帽子(无洞)","上中段使用",0],
[381,51,0,1,0,0,10,70,"恶魔翅膀耳饰(STR+1)","恶魔翅膀耳饰(STR+1)",0,1,1,0],
[382,51,0,1,0,0,10,0,"哥布灵面具(三男)","哥布灵面具(三男)","中下段使用",0],
[383,51,0,1,0,0,10,0,"哥布灵面具(四男)","哥布灵面具(四男)","中下段使用",0],
[384,51,0,1,0,0,10,0,"哥布灵面具(五男)","哥布灵面具(五男)","中下段使用",0],
[385,51,0,1,0,0,10,70,"天使翅膀耳饰(STR+1)","天使翅膀耳饰(STR+1)",0,1,1,0],
[386,51,0,2,0,0,10,0,"哥布灵面具(首领)","哥布灵面具(首领)","中下段使用",0],
[387,1,1,75,4,0,50,36,"厨刀","厨刀","击倒动物种族时，50%的机率额外掉落肉",10,30,0],
[388,1,1,80,4,0,60,36,"破甲短锥","破甲短锥",0,23,1,0],
[389,1,1,84,4,0,40,0,"皇家短剑","皇家短剑",0,7,1,0],
[390,1,1,70,4,0,100,36,"削刃短剑","削刃短剑",0,140,5,0],
[391,1,1,70,4,0,100,36,"破甲短剑","破甲短剑",0,141,5,0],
[392,1,1,80,4,0,40,36,"锄草短剑","锄草短剑",0,22,3,33,15,53,15,0],
[393,1,1,80,4,0,40,36,"战斗短剑","战斗短剑",0,57,10,56,-10,22,7,0],
[394,1,1,90,4,0,70,36,"除灵短剑","除灵短剑",0,56,5,57,-10,22,6,0],
[395,1,1,70,4,0,50,36,"华丽短剑","华丽短剑",0,20,3,4,5,89,10,0],
[396,1,119,110,4,0,770,36,"变形短剑","变形短剑","给予敌伤害后，3％机率将魔物变换成其它魔物",0],
[397,1,55,55,4,0,40,85,"诅咒的短剑","诅咒的短剑","物理攻击命中对象时，50％机率诅咒",0],
[398,1,55,140,4,0,50,55,"反击短剑","反击短剑",0,10,90,0],
[399,2,1,120,4,0,50,40,"多刃尖刺刀","多刃尖刺刀","解除[二刀连击],的武器限制。未学习[二刀连击],时，附加[二刀连击Lv5],",37,5,0],
[400,2,1,115,4,0,70,40,"秘剑 慕恋","秘剑 慕恋","物理攻击时，低机率向对方施展[濒死术],",133,3,0],
[401,2,1,140,4,0,70,40,"利剪剑","利剪剑",0,33,25,22,3,0],
[402,2,1,150,4,0,120,40,"石中剑","石中剑",0,20,6,4,5,6,10,5,-1,0],
[403,2,1,150,4,0,90,40,"首领之剑","首领之剑",0,7,2,26,50,79,-10,0],
[404,2,1,140,4,0,90,40,"圣剑 浑沌","圣剑 浑沌","3%机率将对方的SP30%消耗掉<BR>给予敌伤害后，自己消耗sp1",20,8,194,1,0],
[405,3,1,150,4,0,130,48,"龙牙剑","龙牙剑",0,39,15,22,9,0],
[406,3,1,160,4,0,160,48,"风灵之剑","风灵之剑",0,18,1,20,4,221,11005603,0],
[407,3,1,250,4,0,100,48,"神器 三十二朔月","神器 三十二朔月",0,4,20,6,20,0],
[408,4,1,145,4,0,70,48,"地灵之矛","地灵之矛",0,20,2,13,800,14,-50,0],
[409,4,1,100,4,0,85,48,"魔力之矛","魔力之矛",0,40,25,22,99,0],
[410,4,1,95,4,0,100,48,"邪灵之矛","邪灵之矛","给予敌伤害后，自己恢复Sp1<BR>击倒敌人时恢复Sp5",0],
[411,5,1,183,4,0,100,48,"修尔特长矛","修尔特长矛",0,32,10,37,5,0],
[412,5,1,180,4,0,250,48,"龙戚弩斯长矛","龙戚弩斯长矛",0,20,7,37,10,38,10,0],
[413,5,1,190,4,0,300,48,"圣光之戟","圣光之戟",0,20,6,220,102505,221,11004703,0],
[414,5,1,200,4,0,350,48,"火灵之矛","火灵之矛",0,20,3,1,3,221,11005203,0],
[415,6,0,140,4,0,120,44,"切削之斧","切削之斧","击倒动物种族时，30%的机率额外掉落肉",37,5,0],
[416,7,1,120,4,0,230,44,"暗灵之斧","暗灵之斧","对不死种族Cri+50<BR>物理攻击时，0.5%机率向恶魔种族施展[濒死术],",20,7,0],
[417,7,1,120,4,0,250,44,"斯勒特斧","斯勒特斧","物理攻击时，0.4%机率向动物种族施展[濒死术],",20,2,22,2,0],
[418,7,1,165,4,0,250,44,"风灵之斧","风灵之斧",0,20,4,220,130201,0],
[419,7,1,215,4,0,300,44,"斩首之斧","斩首之斧","物理攻击时，0.3%机率向人型种族施展[濒死术],<BR>每次物理攻击人型种族时，回复SP2。<BR>击倒人型种族时，回复SP20",0],
[420,8,53,85,4,0,70,40,"暗盲之锤","暗盲之锤","武器Atk：85",10,40,24,3,0],
[421,8,53,145,4,0,100,40,"魔锤 安魂曲","魔锤 安魂曲","物理攻击时，低机率向不死种族施展[濒死术],",49,15,121,5,0],
[422,8,53,165,4,0,90,40,"秘锤 冷月","秘锤 冷月",0,49,10,42,10,37,10,0],
[423,13,1,110,4,0,45,46,"风灵拳套","风灵拳套",0,20,4,49,5,41,10,42,10,43,10,44,10,0],
[424,13,1,120,4,"0?1",36,46,"秘拳套 闪光","秘拳套 闪光",0,12,12,0],
[425,15,1,100,4,0,40,44,"细刃鞭子","细刃鞭子",0,5,5,2,1,0],
[426,15,1,115,4,0,30,44,"毒鞭 蔷薇","毒鞭 蔷薇",0,20,5,130,50,0],
[427,60,70,4,0,0,220,45,"地鳞铠甲","地鳞铠甲","地属性防具",0],
[428,60,70,4,0,0,220,45,"火鳞铠甲","火鳞铠甲","火属性防具",0],
[429,60,70,4,0,0,220,45,"水鳞铠甲","水鳞铠甲","水属性防具",0],
[430,60,70,4,0,0,220,45,"风鳞铠甲","风鳞铠甲","风属性防具",0],
[431,60,65,5,0,"0?1",110,75,"创造者外袍","创造者外袍",0,19,4,73,-3,0],
[432,60,1,7,0,1,250,60,"秘衣 恶德","秘衣 恶德",0,19,5,134,3,0],
[433,61,113,6,0,0,160,83,"大天使之盾","大天使之盾",0,3,3,4,2,19,3,194,1,0],
[434,61,113,5,0,0,140,68,"圣耀之盾","圣耀之盾",0,3,2,19,2,0],
[435,63,51,6,0,0,35,30,"安全靴","安全靴",0,193,1,0],
[436,62,55,0,0,0,55,75,"生存斗篷","生存斗篷",0,3,10,19,5,0],
[437,64,0,0,0,0,10,0,"花戒指","花戒指",0,0],
[438,64,0,0,0,0,10,0,"骷髅戒指","骷髅戒指",0,0],
[439,64,0,0,0,0,10,0,"银戒指","银戒指",0,0],
[440,64,0,0,0,0,10,0,"金戒指","金戒指",0,0],
[441,64,0,0,0,0,10,0,"钻石戒指","钻石戒指",0,0],
[442,64,52,0,0,0,10,0,"怪盗戒指","怪盗戒指","使用[偷窃],技能时的成功率提升。未实装",0],
[443,999,999,2,0,0,35,45,"恶魔之羽","恶魔之羽",0,0],
[444,999,999,5,0,0,10,0,"卡浩之角","卡浩之角",0,0],
[445,52,108,0,0,0,10,70,"刺客口罩","刺客口罩",0,0],
[446,64,0,0,0,0,1,0,"周年纪念戒指(金)","周年纪念戒指(金)",0,7,1,13,1,14,1,0],
[447,50,0,1,0,0,30,0,"咪咪帽(LUK+2、MDEF+10)","咪咪帽(LUK+2、MDEF+10)",0,6,2,19,10,52,5,0],
[448,50,0,3,0,0,30,0,"周年纪念帽","周年纪念帽",0,7,2,13,2,14,2,0],
[449,64,0,0,0,0,10,0,"周年纪念戒指(银)","周年纪念戒指(银)",0,6,1,0],
[450,50,0,2,0,0,40,50,"老虎面具(STR+3、MHP+100)","老虎面具(STR+3、MHP+100)","上中段使用",1,3,13,100,193,1,0],
[451,14,0,110,4,0,180,70,"电子吉他","电子吉他",0,20,4,2,1,4,2,220,112601,221,19812601,0],
[452,51,0,0,0,0,10,0,"达姬乌丝的眼罩","达姬乌丝的眼罩",0,0],
[453,50,81,5,0,1,30,65,"修女的帽子(有洞)(MSP+100)","修女的帽子(有洞)(MSP+100)","上中段使用",14,100,0],
[454,64,0,0,0,0,0,0,"标示(物理伤害+5%、MATK+5%)","标示(物理伤害+5%、MATK+5%)","物理攻击时，对魔物增加5%的伤害<BR>与15％系列乘算，与其他系列加算",80,5,89,5,0],
[455,50,0,1,0,0,30,30,"魔力之眼","魔力之眼",0,19,5,73,-10,0],
[456,50,0,0,0,0,20,10,"木槿花发夹(DEX+1、INT+1)","木槿花发夹(DEX+1、INT+1)",0,19,5,4,1,5,1,193,1,0],
[457,50,0,5,0,1,100,30,"歌舞伎面具","歌舞伎面具","上中下段使用",156,30,0],
[458,50,0,0,0,1,40,10,"可爱缎带","可爱缎带",0,56,5,51,5,0],
[459,50,0,0,0,1,50,30,"Ａ爱丽丝女仆头饰","Ａ爱丽丝女仆头饰(STR+1)",0,1,1,37,10,193,1,0],
[460,50,0,8,0,0,300,50,"大名的头盔","大名的头盔","上中段使用",3,1,57,5,0],
[461,1,0,39,1,0,60,0,"易燃短剑","易燃短剑",0,20,3,0],
[462,1,0,39,1,0,60,0,"渔夫短剑","渔夫短剑",0,20,1,0],
[463,1,0,39,1,0,60,0,"刺枣短剑","刺枣短剑",0,20,4,0],
[464,1,0,39,1,0,60,0,"黑曜石短剑","黑曜石短剑",0,20,2,0],
[465,1,50,110,3,"1?2",70,55,"五指剑","五指剑",0,0],
[466,1,52,80,3,"1?2",70,55,"考尔德短刀","考尔德短刀",0,18,5,0],
[467,1,0,110,4,0,90,60,"天龙短剑","天龙短剑",0,22,9,129,10,0],
[468,1,0,148,4,"0?1",70,70,"卡卡普剑","卡卡普剑","攻击时有0.5%的机率，自己黑暗",20,7,134,5,0],
[469,2,50,100,3,"1?2",80,30,"汤恩剑","汤恩剑",0,0],
[470,2,50,140,4,1,100,45,"星尘剑","星尘剑",0,131,5,194,1,0],
[471,5,0,160,4,0,200,60,"加野矛","加野矛",0,22,9,26,10,0],
[472,6,1,115,2,0,150,14,"希尔之斧","希尔之斧",0,20,4,12,5,0],
[473,9,50,70,3,"1?2",50,30,"催眠师的魔杖","催眠师的魔杖",0,88,15,89,10,4,1,0],
[474,9,1,50,3,0,100,24,"生存的魔杖(s0)","生存的魔杖(s0)",0,88,15,5,2,13,300,0],
[475,9,1,50,3,1,100,24,"生存的魔杖(s1)","生存的魔杖(s1)",0,88,15,5,3,13,400,0],
[476,9,1,50,3,0,100,24,"高等生存的魔杖(s0)","高等生存的魔杖(s0)",0,88,15,4,2,13,300,0],
[477,9,1,50,3,1,100,24,"高等生存的魔杖(s1)","高等生存的魔杖(s1)",0,88,15,4,3,13,400,0],
[478,9,55,60,4,0,50,40,"羽翼之杖","羽翼之杖",0,20,4,88,15,73,-5,0],
[479,10,0,100,4,0,120,60,"天龙之翼","天龙之翼","击倒龙类种族时，3%机率额外掉落[神之金属箭矢],",22,9,0],
[480,11,0,90,1,4,80,0,"多变拳刃","多变拳刃","被诅咒时，每次挥拳有5％机率自己出",0],
[481,11,0,115,3,0,120,55,"洛奇的指甲","洛奇的指甲",0,138,3,0],
[482,11,0,151,4,0,125,70,"邪恶拳刃","邪恶拳刃",0,20,7,10,-1,133,2,0],
[483,11,0,120,4,0,100,75,"血拳刃","血拳刃","HP和axSP恢复量减少100%<BR>自己BaseLv与AGI对回避的影响归零",22,7,0],
[484,12,0,100,3,2,110,60,"贤者的日记","贤者的日记","STR50以上时，攻速因子+5%<BR>INT70以上时，MAtk+5%",89,15,0],
[485,12,0,140,4,1,150,55,"精装之书","精装之书",0,1,3,5,2,0],
[486,12,0,130,4,0,70,70,"天龙的遗产","天龙的遗产","击倒龙类种族时，回复SP10",22,9,4,3,0],
[487,13,0,152,4,0,55,70,"卡仑的指甲","卡仑的指甲",0,20,7,15,-2,138,2,0],
[488,14,0,110,3,0,90,27,"热情的吉他","热情的吉他",0,20,3,0],
[489,14,0,110,3,0,90,27,"孤独的吉他","孤独的吉他",0,20,1,0],
[490,14,0,110,3,0,90,27,"凉风的吉他","凉风的吉他",0,20,4,0],
[491,14,0,110,3,0,90,27,"大地的吉他","大地的吉他",0,20,2,0],
[492,14,0,150,4,0,120,65,"琵琶","琵琶",0,5199,10,5292,10,0],
[493,15,0,110,3,0,90,30,"火焰鞭子","火焰鞭子",0,20,3,0],
[494,15,0,110,3,0,90,30,"冰剑鞭子","冰剑鞭子",0,20,1,0],
[495,999,999,110,3,0,90,30,"风的鞭子","风的鞭子",0,20,4,0],
[496,15,0,110,3,0,90,30,"大地鞭子","大地鞭子",0,20,2,0],
[497,15,0,120,3,0,40,30,"跳绳","跳绳",0,10,20,0],
[498,15,0,140,4,0,120,30,"利刃之鞭","利刃之鞭",0,0],
[499,15,0,150,4,0,110,65,"女王的鞭子","女王的鞭子",0,5207,10,5292,10,0],
[500,50,0,2,0,0,10,0,"小狗发圈","小狗发圈",0,0],
[501,50,0,2,0,0,40,0,"红色无边软帽","红色无边软帽",0,0],
[502,50,0,2,0,0,50,55,"啤酒企鹅之帽","啤酒企鹅之帽","击倒魔物时，低机率额外掉落[曼特疗伤药],",0],
[503,50,0,3,0,0,50,0,"时尚防寒帽","时尚防寒帽",0,152,10,0],
[504,50,50,4,0,"0?1",40,40,"超级初学者之帽","超级初学者之帽",0,7,1,0],
[505,50,0,3,0,"0?1",30,0,"软呢帽","软呢帽",0,0],
[506,50,0,3,0,1,35,0,"侦探之帽","侦探之帽",0,0],
[507,50,0,1,0,0,20,0,"香蕉帽","香蕉帽",0,231,10300803,0],
[508,50,0,0,0,0,10,0,"水灵玫瑰","水灵玫瑰",0,53,2,193,1,0],
[509,50,1,3,0,0,40,70,"艾斯恩魔女假面","艾斯恩魔女假面","上中段使用",37,5,57,5,0],
[510,61,50,3,0,0,1,0,"初学者铁盾","初学者铁盾",0,193,1,0],
[511,61,50,3,0,1,100,30,"初学者钢盾","初学者钢盾",0,61,20,62,20,63,20,64,20,65,20,66,20,67,20,68,20,69,20,0],
[512,62,50,2,0,0,1,0,"初学者阴险披肩","初学者阴险披肩",0,193,1,0],
[513,62,50,2,0,1,50,40,"初学者斗篷","初学者斗篷",0,60,10,0],
[514,62,72,5,0,1,80,80,"护肩甲","护肩甲",0,0],
[515,63,50,2,0,0,1,0,"初学者海滩鞋","初学者海滩鞋",0,193,1,0],
[516,63,50,2,0,0,50,40,"初学者长靴","初学者长靴",0,15,5,0],
[517,64,0,0,0,0,10,40,"受诅咒的幸运别针","受诅咒的幸运别针","近距离攻击时，低机率(0.5%)自己得到诅咒",10,6,0],
[518,60,50,4,0,0,1,0,"初学者忍者斗篷","初学者忍者斗篷",0,193,1,0],
[519,50,50,3,0,0,1,0,"初学者蛋壳帽","初学者蛋壳帽",0,193,1,0],
[520,1,50,45,1,0,1,0,"初学者笨拙短剑","初学者笨拙短剑",0,193,1,0],
[521,10,110,100,3,2,200,30,"露娜弓","露娜弓","武器精炼度5以下时，Def+2<BR>武器精炼度6以上时，Def+3<BR>武器精炼度9以上时，Def+5",0],
[522,62,1,3,0,1,50,80,"薄纱围巾","薄纱围巾",0,0],
[523,64,0,0,0,1,10,0,"尼罗玫瑰","尼罗玫瑰",0,13,10,0],
[524,64,82,1,0,0,50,0,"晚祷钟核心 01","晚祷钟核心 01",0,4,2,16,5,19,3,0],
[525,64,82,1,0,0,50,0,"晚祷钟核心 02","晚祷钟核心 02",0,1,3,17,10,19,3,0],
[526,64,82,1,0,0,50,0,"晚祷钟核心 03","晚祷钟核心 03",0,2,3,9,5,19,3,0],
[527,64,82,1,0,0,50,0,"晚祷钟核心 04","晚祷钟核心 04",0,5,3,8,10,19,3,0],
[528,50,0,1,0,1,10,10,"月桂树之冠","月桂树之冠",0,6,3,154,5,153,5,0],
[529,50,0,2,0,0,50,30,"小狗帽","小狗帽","AGI77以上时机率为3%",2,1,193,1,231,10110001,0],
[530,50,72,3,0,1,200,50,"黑暗的头盔","黑暗的头盔","上中段使用",1,2,0],
[531,50,0,0,0,1,20,30,"少女的小红发带","少女的小红发带",0,14,30,19,3,0],
[532,50,0,1,0,0,50,30,"向日葵发箍","向日葵发箍",0,4,1,193,1,231,60502501,0],
[533,50,0,2,0,0,50,10,"雀巢帽","雀巢帽",0,2,1,5,1,151,10,0],
[534,60,82,6,0,1,280,0,"Ｂ巴基力的铠甲","Ｂ巴基力的铠甲","法师、弓手、服事系列装备时，被沉默率x0.5。<BR>剑士、商人、盗贼系列装备时，被昏眩率x0.5",200,1,7,1,194,1,0],
[535,62,82,3,0,1,50,0,"Ｂ巴基力的披风","Ｂ巴基力的披风","法师、弓手、服事系列装备时，完全回避加(斗篷精炼值x2 +5)点<BR>剑士、商人、盗贼系列装备时，近伤害反射(斗篷精炼值x2 +5)％",200,1,194,1,0],
[536,63,82,4,0,1,50,0,"Ｂ巴基力的长靴","Ｂ巴基力的长靴","法师、弓手、服事系列装备时，MaxHP+(BaseLv的5倍)<BR>剑士、商人、盗贼系列装备时，MaxSP+(JobLv的2倍)",200,1,194,1,0],
[537,61,58,5,0,"0?1",15,20,"手臂护腕","手臂护腕",0,0],
[538,61,58,4,0,"0?1",15,50,"改良型手臂护腕","改良型手臂护腕",0,19,5,0],
[539,1,58,50,1,"2?3",60,12,"匕首","匕首",0,89,10,0],
[540,1,58,70,2,"0?1",40,35,"破刃剑","破刃剑","近距离物理攻击时，低机率破坏敌人的武器",0],
[541,1,58,95,2,"1?2",70,24,"利剑","利剑",0,20,1,117,10,0],
[542,1,58,120,3,"0?1",80,42,"白骨剑","白骨剑",0,4,2,231,19702501,0],
[543,1,58,150,3,0,60,65,"黑龙短剑","黑龙短剑","近距离物理攻击时，约15%机率给予敌人诅咒",20,7,0],
[544,1,58,125,4,0,90,70,"古锭剑","古锭剑",0,20,4,12,3,10,3,0],
[545,16,58,50,4,"3?4",250,42,"风魔轮飞镖","风魔轮飞镖","近距离物理攻击时，以较低的机率给敌人出血",0],
[546,16,58,185,4,0,150,55,"风魔热火飞镖","风魔热火飞镖",0,20,3,5,-2,221,19705205,0],
[547,16,58,150,4,0,300,65,"风魔翼飞镖","风魔翼飞镖",0,20,4,2,-1,5,-2,0],
[548,17,59,30,1,"1?2",40,10,"六轮发手枪","六轮发手枪",0,8,-10,0],
[549,17,59,45,2,"1?2",45,35,"鲜红闪电手枪","鲜红闪电手枪",0,8,-10,0],
[550,17,59,70,2,"1?2",50,55,"加立逊手枪","加立逊手枪",0,8,-10,0],
[551,17,59,20,3,0,50,12,"黄金勒克斯手枪","黄金勒克斯手枪","攻击时低机率发动弹取硬币(依照学习的等级)",8,-10,0],
[552,18,59,50,1,3,50,0,"布林其来福枪","布林其来福枪",0,8,10,0],
[553,18,59,120,2,"1?2",70,24,"风暴来福枪","风暴来福枪",0,8,10,10,10,0],
[554,18,59,150,2,1,75,56,"昏暗来福枪","昏暗来福枪",0,8,10,10,10,0],
[555,19,59,135,1,1,90,14,"罗林史顿霰弹枪","罗林史顿霰弹枪","3x3范围伤害",0],
[556,19,59,180,2,1,90,35,"黑玫瑰霰弹枪","黑玫瑰霰弹枪","3x3范围伤害",0],
[557,19,59,210,2,0,100,55,"守门霰弹枪","守门霰弹枪","3x3范围伤害",0],
[558,20,59,50,2,1,230,55,"漂流者格林机枪","漂流者格林机枪",0,0],
[559,20,59,75,3,"0?1",250,68,"屠杀者格林机枪","屠杀者格林机枪",0,112,10,0],
[560,21,59,220,2,"0?1",120,52,"破坏者榴弹枪","破坏者榴弹枪",0,0],
[561,21,59,280,2,1,125,65,"地狱榴弹枪","地狱榴弹枪",0,0],
[562,50,0,4,0,1,20,10,"音符耳机","音符耳机","上中段使用",151,10,152,10,0],
[563,50,0,2,0,0,50,50,"吟游诗人之帽","吟游诗人之帽",0,4,1,5,1,0],
[564,50,0,2,0,0,20,0,"南瓜帽子","南瓜帽子",0,56,5,0],
[565,50,0,2,0,1,20,20,"礼服帽子","礼服帽子",0,19,7,0],
[566,50,0,3,0,1,100,30,"人造卫星发圈","人造卫星发圈",0,13,50,14,10,220,103401,0],
[567,50,0,3,0,0,20,0,"月夜猫帽","月夜猫帽","上中段使用",5,1,231,19802701,0],
[568,50,0,2,0,0,20,0,"兔女郎发圈","兔女郎发圈",0,19,3,2,2,0],
[569,50,0,1,0,0,30,10,"天使羽翼","天使羽翼",0,12,3,73,-3,2,1,4,1,0],
[570,50,0,1,0,0,10,10,"Ｘ小鸡鸡头饰","ヒヨコチ"," ダブルアタックLv2が発動（全ての武器）。<BR>ただし、ダブルアタックLv3以上を習得している場合、 習得Lvのダブルアタックが発動する。",6,2,13,50,14,50,52,3,57,3,193,1,0],
[571,51,0,1,0,0,10,10,"红框眼镜","アカイメ",0,19,5,0],
[572,50,0,3,0,0,10,70,"七彩大嘴鸟的翅膀","ペコペコ","移動速度向上。<BR>※スキル「速度増加」と同じ速さになります。",12,-10,73,25,0],
[573,50,0,2,0,1,30,30,"风车头饰","カザグル",0,2,2,193,1,0],
[574,50,0,4,0,0,60,30,"魔法水壶","マホウノ","(ジェムストーン不要)",221,10312803,231,10323602,0],
[575,1,58,70,1,0,60,0,"匕首(租)","アシュラ",0,89,15,193,1,0],
[576,3,0,190,4,0,220,0,"死神之剑(租)","エクスキ",0,20,7,187,1,37,20,57,-10,193,1,0],
[577,1,55,209,4,0,55,0,"反击短剑(租)","カウンタ",0,10,90,193,1,0],
[578,2,1,185,4,0,90,0,"狂击之剑(租)","カトラス",0,1,2,18,1,193,1,220,100605,0],
[579,1,1,85,4,0,70,0,"月灵短剑(租)","ゲッコウ","攻撃命中時、毎回3のSPを回復する。",16,10,193,1,0],
[580,12,0,135,3,0,110,0,"贤者的日记（租）","ケンジャ",0,89,20,12,5,193,1,0],
[581,8,53,150,3,0,250,0,"扳手(租)","スパナR","スタン, 暗黒, 毒, 氷化の中の一つをランダムで打撃対象に付与する",193,1,0],
[582,2,1,120,4,0,120,0,"烈阳之剑(租)","タイヨウ","攻撃時、毎回与えたダメージの1%をHPに吸収する。装備者は、10秒当たり15のSPを消費する。",20,3,193,1,0],
[583,7,1,200,4,0,250,0,"风灵之斧(租)","トマホー",0,20,4,193,1,220,130201,0],
[584,4,0,195,3,0,480,0,"镰戟(租)","ポールア",0,1,1,4,2,5,1,193,1,0],
[585,7,1,229,4,0,230,0,"智天使之斧(租)","ライトエ",0,20,6,1,10,36,3,193,1,220,102503,0],
[586,10,0,185,4,0,120,0,"炽天使之弓(租)","ルドラノ",0,20,6,4,5,193,1,220,102501,230,102601,0],
[587,50,0,9,0,0,10,0,"兔耳发圈(租)","ウサギノ",0,19,5,57,10,193,1,0],
[588,52,1,1,0,0,10,0,"钢铁花叶(租)","コウテツ",0,193,1,231,60309501,0],
[589,50,1,5,0,0,80,0,"山羊头饰(租)","マジェス",0,1,1,193,1,0],
[590,50,1,7,0,0,20,0,"Ｐ苹果头饰(租)","メイシャ",0,5,4,193,1,0],
[591,51,1,2,0,0,10,0,"妖精长耳朵(租)","ヨウセイ",0,4,1,0],
[592,64,1,0,0,0,10,0,"智力耳环(租)","イヤリン",0,4,3,0],
[593,64,1,0,0,0,10,0,"潜能戒指(租)","クリティ",0,10,7,0],
[594,64,1,0,0,0,10,0,"防御手套(租)","グローブ",0,5,4,0],
[595,64,1,5,0,0,10,0,"防御戒指(租)","セイフテ",0,19,5,0],
[596,64,1,0,0,0,10,0,"体力项炼(租)","ネックレ",0,3,4,0],
[597,64,1,0,0,0,10,0,"敏捷别针(租)","ブローチ",0,2,4,0],
[598,64,1,0,0,0,10,0,"力量戒指(租)","リングR",0,1,4,0],
[599,64,1,0,0,0,10,0,"幸运珠炼(租)","ロザリオ",0,19,5,6,4,0],
[600,50,0,2,0,1,20,10,"神圣的音乐帽子","セイナル",0,19,2,1,2,231,69803005,0],
[601,50,0,1,0,1,20,30,"避暑的帽子","ヒショチ",0,3,1,0],
[602,50,0,0,0,1,20,30,"睡莲王冠","スイレン",0,2,1,5,1,75,5,76,3,0],
[603,60,1,4,0,1,220,45,"地鳞铠甲(s)","地鳞铠甲(s)","地属性防具",0],
[604,60,1,4,0,1,220,45,"火鳞铠甲(s)","火鳞铠甲(s)","火属性防具",0],
[605,60,1,4,0,1,220,45,"水鳞铠甲(s)","水鳞铠甲(s)","水属性防具",0],
[606,60,1,4,0,1,220,45,"风鳞铠甲(s)","风鳞铠甲(s)","风属性防具",0],
[607,1,1,70,4,1,60,36,"破甲短锥(s1)","破甲短锥(s1)",0,23,1,0],
[608,50,1,4,0,1,40,45,"王冠(s)","王冠(s)",0,4,1,0],
[609,50,1,4,0,1,40,45,"后冠(s)","后冠(s)",0,4,1,0],
[610,1,82,120,4,3,50,55,"手术刀","メス","攻撃時、一定確率で出血",0],
[611,1,82,130,4,1,70,55,"牙科手术刀","トゥース","攻撃時、一定確率で自分を中心に 5*5セル範囲中のすべての敵のキャスティング時間を 20% 増加させる<BR>精錬値が9以上の場合、高確率で 11*11セル範囲中のすべての敵のキャスティング時間を 40% 増加させる",0],
[612,2,1,130,4,1,150,55,"铂金弯刀","シロガネ",0,10,50,0],
[613,2,1,125,4,2,80,55,"细刃","シンブレ","攻撃時、一定確率で呪い状態付加",12,10,0],
[614,3,82,200,4,1,350,55,"阿特罗修的凶器","アトロス","STRが 80 以上の場合、一定確率で鎧を破壊する",10,10,0],
[615,3,82,160,4,2,220,55,"割肉刀","クルーエ","攻撃時、 一定確率で出血及びオートスペル速度減少 Lv1発動",0],
[616,4,82,150,4,1,100,65,"长角之矛","ロングホ","攻撃時、一定確率で敵に出血<BR>解毒スキル使用可能",20,6,194,1,0],
[617,4,82,140,4,1,90,65,"强袭战矛","バトルフ",0,37,20,131,5,220,107003,0],
[618,4,82,180,4,1,420,60,"狩猎之矛","ハンティ","動物型モンスターを倒したとき 一定確率で肉ドロップ。",182,1,221,19826103,0],
[619,5,1,170,4,"0?1",200,75,"幻影长矛","ヨウカイ","敵を倒したとき HP 50 回復<BR>攻撃時、一定確率で自分に混乱をかける",31,20,36,20,47,20,51,10,56,10,67,10,0],
[620,5,61,120,4,0,100,65,"锥骑长枪","アルシュ",0,22,10,37,10,221,19807005,0],
[621,7,1,10,4,"0?1",600,80,"超重双手斧","ドゥーム","素STR95以上の時 ATK + 340。<BR>更に、攻撃時モンスターにスタンをかける確率30% 増加<BR>鎧を破壊する確率が発生する。<BR>攻撃速度 40% 減少(aspd - 40%)<BR>スキル使用時、SPを2倍消費。",0],
[622,7,1,200,3,2,250,70,"强袭战斧","バルディ",0,191,13,192,15,0],
[623,7,1,175,4,1,200,70,"碎心斧","ハートブ","精錬値によってさらにクリティカル確率増加(1につきCri+1)<BR>ホワイトスミス、 クリエイターが装備時、攻撃時一定確率でオートスペルハンマーフォールLv3発動。",10,20,12,5,0],
[624,7,1,332,4,1,350,80,"狂暴颶風斧","ハリケー","精錬値によって中型モンスターから受けるダメージ減少<BR>精錬値によってASPD増加(1につき攻撃速度+1%)<BR>(パルスストライクLv5：自分を中心に 15*15セルの敵をダメージとともに ７セルノックバック。<BR>無属性の500%ダメージ。状態異常や属性付与は乗る。発動率約2%)",191,10,221,19830305,0],
[625,8,1,4,4,1,44,44,"忽克连之槌","ホルグレ","敵を攻撃時、低確率で対象の武器や防具を破壊する<BR>ホワイトスミスカードとともに装着時、高い確率で対象の装備を破壊して、低い確率で自分の装備が破壊される",0],
[626,10,76,95,3,1,140,55,"火焰之弓","モエルユ","火の矢装着時、遠距離物理攻撃ダメージ 25% 増加",63,10,0],
[627,10,76,100,3,1,140,55,"冰冻之弓","レイキャ","水晶の矢装着時、遠距離物理攻撃ダメージ 25% 増加<BR>一定確率で対象を凍結させる",0],
[628,10,76,105,3,1,140,55,"大地之弓","ダイチノ","岩石の矢装着時、遠距離物理攻撃ダメージ 25% 増加<BR>攻撃対象に一定確率で暗黒をかける",0],
[629,10,76,95,3,1,140,55,"疾风之弓","ハヤテノ","風矢装着時、遠距離物理攻撃ダメージ 25% 増加<BR>INTが 40 以上の場合、高確率でオートスペル 風刃 LV5 発動",221,19841305,0],
[630,10,76,120,3,0,160,65,"兽人之弓","オークア","モンスターを倒したとき時、一定確率で鋼鉄の矢をドロップ<BR>鋼鉄の矢装着時、遠距離物理攻撃ダメージ 50% 増加",0],
[631,11,122,160,4,1,145,55,"巨魔指甲","ヤジュウ","一定確率で相手に致命的な傷を与え、ヒール?サンクチュアリ?ポーションピッチャーの回復量が 20%減少する。<BR>さらに一部の回復アイテムを使用時の回復量も 20% 減少する<BR>精錬値が9以上の時、回復量減少率が 40%に増加する",0],
[632,11,122,140,4,0,150,55,"龙之咆哮","インバー","攻撃時、一定確率で自分を中心に 5*5セル範囲中のすべての敵に特定の状態異常を付与する",20,6,0],
[633,11,122,110,4,1,140,55,"钻孔拳刃","ドリルカ","一定確率で相手の武装を強制解除させる",8,30,0],
[634,11,122,120,4,2,170,55,"血之泪","ブラッデ","攻撃時、一定確率で自分を中心に 5*5セルの全ての敵を出血状態にする<BR>精錬値9以上の場合、 11*11セルの全ての敵を出血状態にする",0],
[635,13,0,80,3,3,65,75,"灼热拳套","マグマフ",0,231,19723005,0],
[636,13,0,80,3,3,65,75,"冰晶拳套","アイシク",0,231,19723105,0],
[637,13,0,80,3,3,65,75,"雷霆拳套","エレクト",0,231,19723205,0],
[638,13,0,80,3,3,65,75,"大地拳套","サイズミ",0,231,19723305,0],
[639,13,0,30,3,4,50,60,"连击拳套","レンゲキ","三段掌のダメージ +15%",5188,15,5189,20,0],
[640,12,0,110,3,2,200,70,"大百科全书","ダイヒャ","純粋Luk数値によってクリティカル率増加。(素LUK5毎にCRI+1)",89,15,4,3,5,2,10,20,0],
[641,12,0,137,4,2,100,85,"死亡笔记","シニガミ","人間型に一定確率でコーマ。<BR>精錬値によってASPDが増加する。<BR>セージ、プロフェッサーが装備すれば攻撃時、一定確率で画面全体に一定ダメージとともに呪いをかける。",89,15,1,3,4,3,6,-20,0],
[642,9,82,60,3,2,80,70,"巫妖之骨杖","スタッフ","物理攻撃を受けた時、低確率で画面内すべての敵に呪いをかける。<BR>精錬値によって呪いをかける確率が高くなる。<BR>精錬値が 9 以上の時、追加で Matk + 3%, MSP + 300",88,15,89,5,4,1,5,1,20,9,0],
[643,51,1,0,0,0,10,0,"黑色眼罩","ヤミノメ",0,154,100,151,2,0],
[644,9,53,10,3,0,40,55,"治愈之杖","チユノツ","精錬値によって自分が使うヒール、サンクチュアリスキルの回復量が増加する。<BR>（精錬毎に+1.5%で小数点以下切捨て。+1で1%増加、+5で7%増加、+10で15%増加）<BR>(+10の時のみボーナスで+17%になるという情報もあります)<BR>(攻撃用ヒールには効果があるが攻撃用サンクチュアリには効果がないらしい)",88,15,20,6,0],
[645,9,82,80,3,0,50,70,"洞察之杖","スタッフ","魔法攻撃時、MDEFの 10%を無視してダメージを与える<BR>精錬値によって、無視するMDEFが増加する。",88,15,4,4,0],
[646,9,125,130,4,1,250,80,"破坏之杖","スタッフ","魔法力増幅のキャスティング時間が 50% 減少。<BR>精錬値 2に付き MATK 1% 増加<BR>精錬値によってスキル使用時 消費SP増加<BR>精錬値によって物理攻撃を受けた時、 一定確率でユピテルサンダーLv5発動。",88,15,89,10,4,3,2,10,195,1,0],
[647,9,63,120,4,0,150,70,"神圣十字之杖","ディバイ","両手杖",88,15,20,6,5,4,51,15,56,15,0],
[648,14,130,130,3,1,150,70,"贝斯","敵を倒したとき SP 3 回復<BR>物理攻撃を受けた時、一定確立でヘブンズドライブLv3発動。<BR>打撃時、一定確率で自分を中心に 5x5セル範囲のすべての敵に混乱をかける",0],
[649,14,130,10,4,0,180,70,"英勇吉他","ツキガミ","(着用時、攻撃速度が 190になる。ただしASPD-装備をした場合不明)<BR>5秒ごとに 50の HPを失う<BR>Dexが素Dexぶん減少する",12,100,75,-100,0],
[650,15,0,110,3,0,70,30,"电线","デンキセ",0,20,4,0],
[651,15,131,100,4,2,200,70,"电鳗","デンキウ","攻撃時、一定確立でアローバルカン発動<BR>発動するアローバルカンのスキルレベルは精錬値にしたがって変更される",20,4,2,2,4,2,221,19812603,0],
[652,15,131,110,4,1,150,70,"海魔女之足","ウミノマ","敵を倒したとき SP 5 回復<BR>攻撃時、一定確率で自分を中心に 5x5セル範囲中のすべての敵に沈黙をかける",221,69813003,0],
[653,15,131,185,4,0,130,70,"胡萝卜鞭子","ニンジン","攻撃時、一定確率で自分自身に速度増加を使う<BR>使用する速度増加のレベルは精錬値にしたがって変更される",0],
[654,17,0,68,3,2,58,70,"荒野的无法者(暂)","コウヤノ","Agi の数値によって Hit 及びASPD増加<BR>(仮計算式素Agi10につきHit+1,素Agi15につきAspd+1.0%)",0],
[655,18,0,150,3,"0?1",100,70,"长身来福枪","ロングバ",0,10,20,12,-3,221,19843005,0],
[656,18,0,170,3,"0?1",70,70,"短卡宾","ジャング","装備時、使用者の純粋 DEX値の 1/3 程度の命中率が減少する。",8,10,10,4,12,10,0],
[657,18,0,138,3,2,77,70,"操作杆来福枪","レバーア",0,8,20,10,50,12,-5,0],
[658,19,0,200,3,0,130,70,"短口创DD","ゲートキ","スプラッシュダメージ。<BR>全ての精錬値に従って DEF が増加する。",5,1,221,19843606,0],
[659,19,0,80,3,"1?2",70,70,"THUNDER-P","サンダー","スプラッシュダメージ",8,-5,12,20,0],
[660,16,0,112,3,2,155,70,"启明星","ミョウジョ",0,5396,30,0],
[661,50,1,5,0,0,100,65,"魔术无边帽","魔术无边帽",0,1,2,0],
[662,50,1,3,0,1,50,65,"Ｍ毛无边帽","Ｍ毛无边帽",0,5,2,2,1,0],
[663,50,1,3,0,0,30,65,"Ｆ菲力卡的头箍","Ｆ菲力卡的头箍",0,19,10,4,2,14,50,0],
[664,50,50,3,0,1,30,50,"天使之吻","天使之吻",0,76,3,0],
[665,50,1,1,0,0,20,33,"Ｍ摩菲斯的头巾","Ｍ摩菲斯的头巾",0,4,2,0],
[666,50,1,4,0,0,50,61,"Ｍ茉莉雅娜的头盔","Ｍ茉莉雅娜的头盔",0,6,2,17,3,0],
[667,50,1,5,0,0,50,54,"Ｇ哥夫内的头具","Ｇ哥夫内的头具",0,19,3,3,3,0],
[668,50,1,0,0,1,40,30,"傀儡娃娃","傀儡娃娃",0,1,1,0],
[669,50,1,1,0,0,60,0,"Ｙ羽毛贝雷帽","Ｙ羽毛贝雷帽",0,19,1,57,10,0],
[670,50,82,5,0,1,100,0,"Ｂ巴基力头盔","Ｂ巴基力头盔",0,200,1,19,5,0],
[671,50,0,0,0,0,70,0,"贝雷帽","贝雷帽",0,57,10,193,1,0],
[672,50,0,3,0,1,40,60,"使道帽子","使道帽子","跆拳系列装备时 AGI + 1，HP恢复力 + 3%",0],
[673,50,0,3,0,1,40,60,"披额帽","披额帽","跆拳系列 装备时 INT + 1，SP恢复力 + 3%",0],
[674,50,1,4,0,0,50,30,"船长之帽","船长之帽",0,61,5,0],
[675,50,0,4,0,1,50,40,"新娘假面","新娘假面","跆拳系列装备时 LUK + 2，必杀攻击 + 5%",0],
[676,50,0,5,0,1,50,40,"狮头面具","狮头面具","上中段使用<BR>跆拳系列装备时DEX + 2，ATK是精炼度的2倍，攻击敌人时有较低的机率昏眩",0],
[677,51,0,0,0,0,10,0,"匿名邀请","匿名邀请",0,19,1,8,-5,153,5,0],
[678,51,0,2,0,0,10,30,"传统面具","传统面具","中下段使用<BR>跆拳系列 装备时， LUK + 1， 完全回避 + 2",0],
[679,50,0,1,0,0,10,0,"趴趴兔头饰","趴趴兔头饰",0,5,1,9,2,0],
[680,50,0,5,0,0,80,50,"龙骨头盔","龙骨头盔",0,59,5,0],
[681,50,0,1,0,0,50,30,"Ｌ拉面帽子(DEX+4、INT-1)","Ｌ拉面帽子(DEX+1)",0,5,4,4,-1,0],
[682,50,0,0,0,0,10,10,"白幽灵面具(AGI+3)","ウィスパ","上中下段使用",2,3,68,-10,193,1,0],
[683,60,50,4,0,1,60,40,"天使的加护","天使的加护",0,19,20,0],
[684,60,1,6,0,1,250,65,"Ｏ奥丁的祝福","Ｏ奥丁的祝福",0,0],
[685,60,1,7,0,0,350,54,"Ｇ哥夫内的铠甲","Ｇ哥夫内的铠甲",0,3,2,15,10,0],
[686,60,70,10,0,1,300,55,"陨石铠甲","メテオプ",0,200,1,151,30,152,30,0],
[687,60,82,2,0,1,30,55,"奥尔里昂的制服","オルレア","咏唱が中断されない",200,1,73,15,0],
[688,60,82,6,0,1,150,55,"银质外袍","ディバイ",0,200,1,153,5,156,5,151,5,155,5,159,5,0],
[689,60,124,5,0,1,75,50,"神射手之衣","スナイピ","Lukでさらにクリティカル率增加(素Luk5につきCri+1)<BR>※付きとCri增加の计算违います。たぶんこちらですが日本未实装アイテムなので过信はしないように",19,5,10,6,74,23,0],
[690,61,50,3,0,1,40,20,"天使的保护","天使的保护",0,56,5,0],
[691,61,1,3,0,1,150,65,"石制圆盾","石制圆盾",0,192,5,0],
[692,61,1,3,0,1,50,65,"Ｂ巴基力亚钢盾","Ｂ巴基力亚钢盾",0,19,5,61,20,63,20,67,20,69,20,0],
[693,61,82,5,0,0,120,68,"铂金盾","プラチナ","魔法攻击を受けた时、 一定确率で2秒间、攻击魔法を40%の确率で反射する",200,1,19,5,191,15,192,15,51,10,0],
[694,61,82,5,0,1,100,55,"奥尔里昂的铁盘","オルレア","5%の确率で魔法反射",200,1,19,2,0],
[695,61,82,5,0,1,100,55,"刺盾","トゲノタ",0,200,1,19,2,0],
[696,61,72,4,0,1,250,75,"坚固盾牌","ストロン","绝対にノックバックしない<BR>物理及び魔法攻击の受けるダメージが20%增加",200,1,0],
[697,62,55,1,0,1,30,85,"老鹰之翅膀","老鹰之翅膀",0,0],
[698,62,50,2,0,1,40,20,"天使的温气","天使的温气",0,75,5,0],
[699,62,0,2,0,"0?1",15,0,"Ｃ衬衫","Ｃ衬衫",0,19,1,0],
[700,62,1,3,0,0,60,33,"Ｍ摩菲斯披肩","Ｍ摩菲斯披肩",0,19,3,16,10,0],
[701,62,1,3,0,0,60,61,"Ｍ茉莉雅娜斗篷","Ｍ茉莉雅娜斗篷",0,6,2,11,8,0],
[702,62,1,3,0,0,70,54,"Ｇ哥夫内肩饰","Ｇ哥夫内肩饰",0,78,10,19,2,3,1,0],
[703,62,1,3,0,0,40,65,"Ｌ猎鹰披肩","Ｌ猎鹰披肩",0,9,15,11,5,0],
[704,62,1,4,0,0,60,65,"Ｂ贝利的斗篷","Ｂ贝利的斗篷",0,60,15,0],
[705,62,82,4,0,1,60,48,"龙之呼吸","ドラゴン",0,200,1,59,15,0],
[706,62,82,3,0,1,50,55,"羊毛围巾","ウールス",0,200,1,19,4,0],
[707,62,82,4,0,"0?1",50,55,"奔跑者徽章","ライダー",0,200,1,2,2,0],
[708,62,72,3,0,1,70,70,"狼毛披风","ウルプヘ","物理攻击を受けた时、一定确率で 2秒间受ける物理ダメージが 20% 减少、MDEFが 20% 减少",200,1,0],
[709,62,89,3,0,1,40,70,"秘银魔法斗篷","ミスリル","魔法攻击を受けた时、 一定确率で魔法ダメージ20%减少 DEF20%减少",200,1,19,3,0],
[710,63,50,4,0,1,30,54,"天使的降临","天使的降临",0,13,100,0],
[711,63,1,4,0,0,70,54,"Ｇ哥夫内军靴","Ｇ哥夫内军靴",0,19,3,15,5,16,5,0],
[712,63,1,3,0,0,50,65,"Ｂ傅里哥长靴","Ｂ傅里哥长靴","红/赤/黄/白色药水效能+20%",2,2,0],
[713,63,1,4,0,0,65,65,"Ｄ迪塔乐长靴","Ｄ迪塔乐长靴",0,15,9,16,9,0],
[714,63,77,2,0,1,20,0,"高级轻便鞋","高级轻便鞋",0,19,10,0],
[715,63,82,3,0,0,50,85,"古怪的靴子","ベリオン","精炼值によって MHP / MSP 减少<BR>精炼值によってDEFが追加で增加",200,1,15,20,16,20,0],
[716,63,82,3,0,1,30,55,"防水靴","タイダル",0,200,1,61,5,0],
[717,63,82,4,0,0,50,55,"黑皮靴","クロイレ",0,200,1,2,1,0],
[718,63,82,0,0,0,200,75,"暗影长靴","シャドー","魔法攻击に当たった场合、一定确率でオートスペル：クローキングLv3使用<BR>クローキングを 4レベル以上习得している场合、习得したレベルで发动する",200,1,19,10,0],
[719,64,1,0,0,0,10,33,"Ｍ摩菲斯戒指","Ｍ摩菲斯戒指",0,4,1,16,5,0],
[720,64,1,0,0,0,10,33,"Ｍ摩菲斯臂环","Ｍ摩菲斯臂环",0,4,1,16,5,0],
[721,64,1,0,0,0,20,61,"Ｍ茉莉雅娜腰带","Ｍ茉莉雅娜腰带",0,17,5,10,3,0],
[722,64,1,0,0,0,20,61,"Ｍ茉莉雅娜坠子","Ｍ茉莉雅娜坠子",0,1,2,10,3,0],
[723,64,1,0,0,0,10,90,"舍命攻击戒指","舍命攻击戒指",0,0],
[724,64,52,0,0,0,30,30,"火忍西怒毕的腰带","火忍西怒毕的腰带",0,1,1,2,1,19,1,0],
[725,64,1,0,0,0,400,0,"血迹铁球","血迹铁球",0,0],
[726,64,72,1,0,0,100,0,"过度的改变","过度的改变",0,13,50,0],
[727,64,0,0,0,0,10,0,"精灵戒指","スピリチ",0,4,2,5,1,0],
[728,64,82,0,0,0,10,0,"火焰精灵王戒指","リングオ","物理攻击时、一定确率で各种オートスペル发动。",1,2,3,1,17,15,63,10,0],
[729,64,82,2,0,0,10,0,"共鸣戒指","リングオ","物理攻击を受けた时、一定确率で各种オートスペル发动。",2,2,3,1,19,2,0],
[730,64,0,0,0,0,10,0,"下级精灵戒指","カキュウ",0,7,1,0],
[731,64,51,0,0,0,10,60,"封印的红色绸缎","フウイン","妖怪の枪とともに着用时、自分に混乱のかかる确率が减少する。",200,1,0],
[732,64,82,0,0,1,10,90,"奥尔里昂的手套","オルレア",0,200,1,5,2,89,3,0],
[733,64,82,0,0,1,10,90,"野牛角","ヤギュウ",0,200,1,2,2,0],
[734,64,82,0,0,1,15,50,"强化指环","エキスパ",0,200,1,74,5,0],
[735,64,1,1,0,0,20,0,"卡普拉戒指","卡普拉戒指",0,19,1,1,1,2,1,4,1,6,1,0],
[736,100,0,0,0,0,0,0,"セットなし",0,0,0],
[737,100,0,0,0,0,0,0,0,0,"MAtk+(杖精练值-5)%<BR>依照斗篷精炼值x3耐无属性(武器或技能)伤害％",13,300,89,-5,0],
[738,100,0,0,0,0,0,0,0,0,0,212,5,9,10,0],
[739,100,0,0,0,0,0,0,0,0,"消耗SP减少20%",13,300,0],
[740,100,0,0,0,0,0,0,0,0,0,17,50,3147,20,3171,20,0],
[741,100,0,0,0,0,0,0,0,0,0,13,150,18,5,0],
[742,100,0,0,0,0,0,0,0,0,"剑士系装备时DEF+6",1,2,18,5,19,5,0],
[743,100,0,0,0,0,0,0,0,0,0,212,3,15,5,16,5,0],
[744,100,0,0,0,0,0,0,0,0,0,213,5,75,10,76,10,0],
[745,100,0,0,0,0,0,0,0,0,0,213,5,15,15,16,5,18,5,19,15,61,10,62,10,63,10,64,10,0],
[746,100,0,0,0,0,0,0,0,0,0,1,2,6,9,17,18,10,13,11,13,0],
[747,100,0,0,0,0,0,0,0,0,"咏唱を妨害されない。",4,5,19,11,16,20,73,25,0],
[748,100,0,0,0,0,0,0,0,0,"受到物理伤害后，机率施展圣母之祈福Lv1",13,900,14,100,0],
[749,100,0,0,0,0,0,0,0,0,0,7,1,0],
[750,100,0,0,0,0,0,0,0,0,"武器の精炼值によって咏唱速度%で减少",89,6,215,2,0],
[751,100,0,0,0,0,0,0,0,0,"ヒールスキルでアンデッドモンスターを攻击时、攻击力50%增加",76,9,5104,30,0,],
[752,100,0,0,0,0,0,0,0,0,0,73,-10,0,],
[753,100,0,0,0,0,0,0,0,0,"的伤害反射5%",12,10,0,],
[754,100,0,0,0,0,0,0,0,0,0,15,10,75,5,0,],
[755,100,0,0,0,0,0,0,0,0,0,39,5,0,],
[756,100,0,0,0,0,0,0,0,0,0,9,10,0,],
[757,100,0,0,0,0,0,0,0,0,0,215,2,89,10,51,10,56,10,0,],
[758,50,0,0,0,0,100,30,"巴尼米乐斯帽子","バニルミ","(物理攻击时、低确率でボルト系スキルLv1が发动する)",19,5,193,1,194,1,0,221,19705101,221,19705401,221,19705601,0],
[759,50,53,1,0,0,15,0,"绵羊帽","绵羊帽","受到近距离物理攻击时，反射5％的伤害",193,1,0,],
[760,50,0,0,0,0,80,75,"打折告示牌","打折告示牌",0,1,1,2,1,6,1,0,],
[761,100,0,1,0,0,30,0,"とんがり帽子(黄)","トンガリ",0,6,2,10,5,0,],
[762,100,124,5,0,1,75,50,"スナイピングシャツ※","スナイピ","Lukでさらにクリティカル率增加(补正込Luk5につきCri+1)<BR>こちらは补正込LukでCriが上がるようになっています。",19,5,10,6,74,23,0,],
[763,100,0,0,0,0,0,0,0,0,"移动速度增加",0,],
[764,100,0,0,0,0,0,0,0,0,"头饰和盾的精炼值，由提升DEF改为提升MDEF",18,2,19,5,0,],
[765,100,0,0,0,0,0,0,0,0,"DEX70以上时技能消耗SP-10%",0,],
[766,100,0,0,0,0,0,0,0,0,"自分に混乱のかかる确率が减少する",0,],
[767,100,0,0,0,0,0,0,0,0,"ダメージを受けた时、低确率でオートスペルアスムプティオLv2发动",0],
[768,100,0,0,0,0,0,0,0,0,"攻击オートスペル确率上升",0],
[769,100,0,0,0,0,0,0,0,0,"MAtk+(杖精练值-5)%<BR>依照斗篷精炼值x3耐无属性(武器或技能)伤害％",13,300,89,-5,0],
[770,100,0,0,0,0,0,0,0,0,"武器の精炼值によって咏唱速度%で减少",89,6,215,2,0],
[771,100,0,0,0,0,0,0,0,0,"ヒールスキルでアンデッドモンスターを攻击时、攻击力50%增加<BR>マグヌスエクソシズムのダメージが30%增加",76,9,0],
[772,100,0,0,0,0,0,0,0,0,0,39,5,0],
[773,100,0,0,0,0,0,0,0,0,0,39,5,0],
[774,52,0,0,0,0,5,0,"土司","土司",0,0],
[775,52,0,0,0,0,5,0,"小孩奶嘴","小孩奶嘴",0,0],
[776,52,0,0,0,0,5,0,"愤怒的嘴","愤怒的嘴",0,0],
[777,64,0,0,0,0,90,75,"命中的防护手套","命中的防护手套",0,1,1,8,15,0],
[778,64,56,0,0,0,70,50,"流行时尚袋","流行时尚袋",0,1,2,0],
[779,100,0,1,0,0,30,0,"蓝色魔法师帽","蓝色魔法师帽",0,2,2,9,5,0],
[780,50,1,1,0,0,60,30,"向日葵发夹","向日葵发夹",0,2,2,10,5,193,1,0],
[781,63,1,3,0,1,30,30,"兔子拖鞋","兔子拖鞋",0,19,3,6,3,0],
[782,100,0,1,0,0,30,0,"とんがり帽子(白)","トンガリ",0,1,2,8,5,0],
[783,50,0,4,0,0,50,30,"船长的帽子","キャプテ",0,61,5,0],
[784,50,0,0,0,0,50,0,"大象帽子","大象帽子",0,3,1,0],
[785,50,0,1,0,0,35,20,"恶魔波利帽子","恶魔波利帽子","精錬値6以上の場合、精錬値が1上がる度にCriが1ずつ増加する",1,1,10,3,58,-20,0],
[786,50,0,1,0,0,40,55,"空雀巢帽","空雀巢帽",0,2,2,52,10,0],
[787,50,0,3,0,1,0,0,"棒球帽","ヤキュウ",0,0],
[788,50,0,0,0,0,10,0,"银色冕状头饰(DEX+2)","シルバー",0,5,2,0],
[789,50,0,1,0,0,30,20,"下垂的九尾狐","下垂的九尾狐",0,2,1,5,1,231,69810001,0],
[790,50,0,0,0,1,40,10,"阿波罗假发","阿波罗假发",0,60,1,231,19900101,0],
[791,50,0,2,0,1,80,0,"耳盖帽子","耳盖帽子","上中段使用",152,10,0],
[792,50,51,8,0,0,120,75,"封闭头盔","クローズ","上中段使用",3,3,15,3,0],
[793,51,1,0,0,0,20,75,"独眼巨人的护目镜","サイクロ",0,14,50,0],
[794,52,1,0,0,0,10,0,"白色花叶","白色花叶",0,53,3,0],
[795,60,63,5,0,1,250,70,"优雅的制服","オンチョ",0,19,5,154,80,0],
[796,62,1,1,0,0,70,75,"邪骸战士的斗篷","スケルト",0,1,2,2,-4,3,-3,4,-3,5,2,6,2,0],
[797,64,53,0,0,0,50,60,"躯魔戒指(活动)","タイマノ",0,126,5,121,5,0],
[798,64,1,0,0,0,30,60,"名射手的手套","メイシャ",0,5,1,8,5,10,5,0],
[799,1,52,100,4,0,80,55,"神圣大驹短剑","ホーリー",0,20,6,36,5,0],
[800,64,52,0,0,0,20,60,"月光戒指","ゲッコウ",0,10,3,12,3,0],
[801,64,1,0,0,0,20,75,"围巾(活动)","スカーフ",0,5,2,4,1,0],
[802,999,0,0,0,0,0,0,0,0,0,0],
[803,50,0,2,0,0,20,45,"修咖巴殷的黑猫耳朵","修咖巴殷的黑猫耳朵",0,24,2,9,10,10,3,70,10,0],
[804,50,0,3,0,0,50,30,"飞行船长的帽子","飞行船长的帽子",0,25,3,0],
[805,51,0,1,0,0,10,70,"大嘴鸟的翅膀耳饰","大嘴鸟的翅膀耳饰",0,19,2,2,1,0],
[806,52,0,0,0,0,10,60,"红色面罩","红色面罩","ローグ系装備時、ギャングスターパラダイスLv1使用可能",17,5,0],
[807,52,0,0,0,0,20,60,"忍者卷轴","忍者卷轴",0,89,1,0],
[808,60,0,5,0,0,100,1,"天使礼服(活动)","テンシノ",0,6,4,193,1,0],
[809,50,0,1,0,1,20,20,"下垂的丽芙娃娃(INT+1)","下垂的丽芙娃娃","精錬するとDEFの代わりにMDEFが増加する。",4,1,0],
[810,50,0,0,0,0,70,38,"想飞的天使波利","エンジェ",0,6,2,19,2,193,1,0],
[811,50,0,2,0,0,70,10,"公会成员招募帽","ギルドメ",0,0],
[812,50,0,2,0,0,70,10,"组队成员招募帽","パーティ",0,0],
[813,50,0,3,0,0,70,0,"天使波利发夹","エンジェ",0,9,5,0],
[814,100,0,0,0,0,0,0,0,0,0,214,2,6,2,0],
[815,100,0,0,0,0,0,0,0,0,0,76,9,5104,30,93,50,96,50,0],
[816,1,122,130,2,2,60,70,"沙漠的黄昏","サバクノ",0,0],
[817,1,122,50,2,4,60,70,"沙漠的风","サバクノ",0,0],
[818,100,0,0,0,0,0,0,0,0,"攻撃時低確率で７秒間攻撃速度190(計算機未導入)",14,20,8,10,15,5,29,30,0],
[819,3,82,200,4,2,120,90,"嗜血大剑","ブラッデ","物理攻撃時、低確率で5秒間 CRI+100、ATK+50(計算機未導入)<BR>モンスターを倒した時HP100ずつ回復",20,8,0],
[820,8,53,120,4,0,90,60,"复仇之锤","ネメシス","精錬値によってシグナムクルシスのスキルレベルが増加して発動<BR>物理攻撃時、低確率で20秒間ATK+50(計算機未導入)",20,6,36,10,47,10,231,19802901,0],
[821,10,124,135,4,1,30,4,"伊克西恩羽翼","イクシオ","物理攻撃時、低確率で7秒間攻撃速度 7%増加。精錬値によって発動率増加(計算機未導入)",0],
[822,12,0,60,3,2,30,60,"魔法策略","マホウノ",0,89,20,4,3,76,5,0],
[823,12,0,30,3,2,70,70,"远古魔法","コダイノ",0,89,15,0],
[824,100,0,0,0,0,0,0,0,0,0,214,4,19,8,16,10,0],
[825,9,55,30,3,0,50,50,"赦免之杖","リリース","魔法攻撃時、低確率でHPとSPが一定量回復",88,15,4,3,91,5,94,5,0],
[826,50,0,0,0,0,50,0,"国庆日帽子(INT+2)","ミミアテ",0,4,2,0],
[827,50,1,2,0,1,30,40,"飞行魔书帽子","ライドワ","物理攻撃時、5%の確率で相手に与えたダメージの8%をHPとして吸収する。<BR>物理攻撃時、1%の確率で相手に与えたダメージの4%をSPとして吸収する。<BR>装備時、5秒毎にHP-10。",0],
[828,50,82,5,0,1,25,0,"黑暗皇冠","ダークバ","精錬値1につき以上の耐性が2%ずつ追加増加",159,20,152,20,151,20,0],
[829,60,89,6,0,1,30,0,"恶魔之袍","ディアボ",0,14,150,19,5,74,10,91,6,0],
[830,60,72,7,0,1,60,0,"恶魔铠甲","ディアボ",0,1,2,5,1,13,150,151,5,159,5,0],
[831,61,63,5,0,0,60,50,"驱魔圣经","クマノセ",0,4,1,75,3,76,3,0],
[832,61,113,6,0,1,200,80,"十字钢盾","クロスシ","スキルの消費SP10%増加",1,1,5324,30,5159,30,5384,30,0],
[833,61,55,2,0,1,100,70,"魔力书第一卷","マリョク","攻撃を受けた時、一定確率で敵にスタンをかける",4,2,19,3,0],
[834,62,1,2,0,1,25,60,"恶灵的皮肤","スキンオ",0,9,10,13,200,19,2,0],
[835,62,79,5,0,1,25,0,"恐惧斗篷","ディアボ",0,13,100,60,5,1495,10,1496,10,0],
[836,63,79,4,0,1,25,0,"恐惧战靴","ディアボ","BaseLV×10程、MaxHP増加",0],
[837,64,65,0,0,1,10,80,"图书管理员的手套","シショノ",0,14,20,0],
[838,64,55,0,0,0,20,80,"银怀表","カイチュ",0,0],
[839,64,54,0,0,1,20,65,"露娜胸针(暂)","ルナティ",0,0],
[840,64,70,0,0,0,70,50,"钢铁护腕","アイアン",0,5006,6,5065,6,0],
[841,64,124,0,0,0,10,70,"伊卡洛斯羽翼","イカロス",0,5,3,14,50,0],
[842,64,124,0,0,0,20,70,"名射手的领巾","メイシャ",0,5,3,14,50,0],
[843,64,1,0,0,1,5,78,"受詛咒的手","ノロワレ","物理攻撃時 3% の確率で[致命的な傷Lv1]発動",8,10,75,20,0],
[844,64,79,0,0,1,5,0,"恶魔戒指","ディアボ",0,13,100,14,100,91,5,1495,10,1496,10,0],
[845,64,1,0,0,1,5,78,"大陆护卫的印章","コンチネ","キャラクター間トレード不可",12,3,13,50,0],
[846,64,1,0,0,1,5,78,"卢恩文字的咒石","ルーンモ","キャラクター間トレード不可",73,1,14,50,0],
[847,64,1,0,0,1,5,80,"死亡之环","シノリン","キャラクター間トレード不可",10,5,0],
[848,64,0,0,0,1,10,0,"小小的书本坠子","スモール",0,51,2,56,2,57,1,55,1,52,1,0],
[849,50,0,3,0,1,80,0,"气球帽子","バルーン","精錬値が高くなるほど、詠唱時間が%単位で短縮。",0],
[850,50,1,3,0,1,25,50,"狩猎帽","ハンティ",0,6,1,32,10,0],
[851,50,0,2,0,0,70,10,"男友招募帽子","ボーイフ",0,0],
[852,50,0,2,0,0,70,10,"女友招募帽子","ガールフ",0,0],
[853,100,124,70,3,3,90,70,"ダブルバウンド","ダブルバ","攻撃時、一定確率でダブルストレイフィングを習得したレベルで発動",0],
[854,100,0,0,0,0,0,0,0,0,0,80,3,89,3,0],
[855,100,0,0,0,0,0,0,0,0,0,80,3,89,3,0],
[856,100,0,0,0,0,0,0,0,0,0,5104,20,221,109710201,0],
[857,100,0,0,0,0,0,0,0,0,0,15,6,0],
[858,100,0,0,0,0,0,0,0,0,0,214,5,13,700,12,5,0],
[859,100,0,0,0,0,0,0,0,0,0,214,5,13,700,12,5,0],
[860,100,0,0,0,0,0,0,0,0,0,89,7,75,15,76,15,0],
[861,100,0,0,0,0,0,0,0,0,0,215,1,14,50,76,10,0],
[862,100,0,0,0,0,0,0,0,0,"スキル消費SPが 25% 減少",0],
[863,9,63,50,4,1,50,70,"神圣之杖","ホーリー",0,88,15,7037,25,7102,25,7104,25,0],
[864,50,0,0,0,0,10,0,"落叶","オチバ",0,13,40,14,40,0],
[865,50,0,3,0,0,60,20,"三层波利帽","サンダン","物理攻撃時、一定確率でグリードが発動する。",6,3,193,1,0],
[866,50,0,0,0,0,10,0,"金色冕状头饰(INT+2)","ゴールド",0,4,2,0],
[867,50,0,0,0,0,10,0,"金色灵魂环","キンノタ",0,6,1,66,5,193,1,0],
[868,50,0,1,0,1,10,20,"巴基力羽毛帽子(INT+1)","ウァルキ","物理ダメージを受けた時、一定確率でヒールLv1が発動する。",4,1,0],
[869,50,1,2,0,0,30,20,"灵魂环","ソウルレ",0,19,2,0],
[870,50,0,2,0,1,10,0,"圣诞波利帽子","サンタポ",0,19,2,47,3,67,3,193,2,0],
[871,50,0,3,0,1,20,0,"铃铛发带","チイサナ",0,3,1,230,103001,0],
[872,50,0,2,0,0,200,0,"凤冠","ホウオウ","上中段",4,1,19,2,151,10,0],
[873,51,0,2,0,0,20,0,"嬉笑面具","ペロリン","中下段",0],
[874,51,0,0,0,0,10,0,"圆滚滚的眼","マルイヒ",0,0],
[875,50,0,0,0,0,30,0,"导演帽","コッポラ",0,0],
[876,50,1,1,0,0,10,20,"黄色头巾","黄色头巾",0,3,2,6,2,78,10,0],
[877,50,0,0,0,0,20,0,"爱的果实","アイノミ",0,0],
[878,64,1,0,0,0,15,75,"脚环","アンクレ",0,3,3,75,10,0],
[879,64,1,0,0,0,10,75,"肚环","ボディピ",0,5,3,6,1,19,2,0],
[880,51,0,0,0,0,20,30,"女神假面","メガミノ",0,80,2,89,2,0],
[881,50,0,2,0,0,20,0,"新生帽子","アカデミ","トレード不可",13,80,14,10,0],
[882,50,0,2,0,1,20,0,"毕业生帽子","アカデミ","トレード不可",14,30,0],
[883,64,0,0,0,0,10,0,"学院徽章","アカデミ","基本等級在79以下時，MHP+400 , MSP+200",0],
[884,50,0,1,0,1,20,30,"猫耳卡普拉发圈","カプラノ","物理攻撃を受けた時、一定確率で自分が様々な状態異常になる。",19,5,0],
[885,50,0,1,0,1,10,45,"蓝色的缎带","ブルーリ","近接物理攻撃時、低確率で集中力向上Lv2発動",0],
[886,50,0,0,0,0,20,80,"头上的飞里乐","アタマノ","反射近距離物理攻擊傷害值的1%",193,1,0],
[887,51,0,1,0,0,20,70,"黑框眼镜","クロブチ",0,19,2,4,1,0],
[888,51,0,1,0,0,20,70,"Ｊ进化的精灵耳朵","イタズラ",0,11,3,0],
[889,52,0,0,0,0,20,30,"叼着的鱼","クワエタ","おいしい魚の回復率+25%<BR>モンスターを倒した時、低確率でおいしい魚をドロップ",0],
[890,50,0,0,0,1,50,60,"卡普拉娃娃头饰(AGI+2暂)","タレテー",0,193,1,2,2,57,5,0],
[891,50,0,0,0,1,50,60,"卡普拉娃娃头饰(STR+2暂)","タレディ",0,193,1,1,2,57,5,0],
[892,50,0,0,0,1,50,60,"卡普拉娃娃头饰(DEX+2暂)","タレソリ",0,193,1,5,2,57,5,0],
[893,50,0,0,0,1,50,60,"卡普拉娃娃头饰(LUK+2暂)","タレダブ",0,193,1,6,2,57,5,0],
[894,50,1,1,0,0,10,20,"黄色发带","キイロノ",0,3,2,6,2,78,10,0],
[895,50,0,2,0,0,70,10,"朋友招募帽子","トモダチ",0,0],
[896,50,0,2,0,0,30,0,"弹跳的波利","トビハネ",0,6,1,193,1,194,1,0],
[897,1,0,120,3,0,0,80,"角斗士的刺杀短剑(勇猛)","アンサツ","忍者/ローグ/チェイサーが装備時、追加で MATK + 15% 増加",194,1,1,1,2,1,37,75,307,20,0],
[898,1,0,120,3,0,0,80,"角斗士的暗杀短剑(英勇)","アンサツ","攻撃時、一定確率で武器が覚醒し 6秒間発勁効果(計算機未導入)<BR>忍者/ローグ/チェイサーが装備時、追加で MATK + 15% 増加",194,1,1,1,2,1,37,75,0],
[899,2,0,115,3,0,0,80,"角斗士的佩剑(英勇)","グラディ",0,194,1,1,1,5,1,37,75,307,20,0],
[900,2,0,115,3,0,0,80,"角斗士的长剑(勇猛)","グラディ",0,194,1,1,1,5,1,37,75,89,10,0],
[901,3,0,200,3,0,0,80,"角斗士的突击长剑(英勇)","トツゲキ",0,194,1,1,2,37,55,307,20,0],
[902,3,0,200,3,0,0,80,"角斗士的斩首长剑(勇猛)","トツゲキ",0,194,1,10,20,37,55,70,20,0],
[903,4,0,60,3,0,0,80,"角斗士的单手矛","トツゲキ","クルセイダー、パラディンが装備時、追加で攻撃速度 20% 増加",194,1,1,2,37,95,307,20,0],
[904,5,0,160,3,0,0,80,"角斗士的突击长矛","トツゲキ",0,194,1,1,2,37,25,187,1,0],
[905,7,0,200,3,0,0,80,"角斗士的狂暴战斧(英勇)","キョウセ",0,194,1,1,3,37,55,307,20,0],
[906,7,0,200,3,0,0,80,"角斗士的狂暴巨斧(勇猛)","キョウセ","攻撃時、一定確率で武器が覚醒し 3秒間対象者の鎧を 100% で破壊",194,1,1,3,37,55,0],
[907,8,0,105,3,0,0,80,"角斗士的战锤(英勇)","トウシノ",0,194,1,1,1,5,1,37,75,307,20,0],
[908,8,0,105,3,0,0,80,"角斗士的巨锤(勇猛)","トウシノ","攻撃時、一定確率で武器が覚醒し 6秒間 50% 確率で敵にスタンをかける",194,1,1,1,5,1,37,75,0],
[909,11,0,130,3,0,0,80,"角斗士的杀戮拳刃(勇猛)","ギャクサ",0,194,1,1,1,5,1,6,1,37,70,307,20,0],
[910,11,0,130,3,0,0,80,"角斗士的暗杀拳刃(英勇)","ギャクサ",0,194,1,1,1,5,1,6,1,37,70,70,20,12,5,0],
[911,12,0,90,3,0,0,80,"角斗士的兵法书(勇猛)","ソンシヘ",0,194,1,1,1,4,2,89,15,37,75,307,20,0],
[912,12,0,90,3,0,0,80,"角斗士的谋略书(英勇)","ソンシヘ",0,194,1,1,1,4,2,89,15,37,75,317,25,0],
[913,10,0,100,3,0,0,80,"角斗士的精准十字弓(英勇)","バトルク",0,194,1,5,2,37,55,307,20,0],
[914,10,0,100,3,0,0,80,"角斗士的战斗十字弓(勇猛)","バトルク",0,194,1,5,2,4,10,37,55,0],
[915,13,0,30,3,0,0,80,"角斗士的升龙拳套(英勇)","トウシノ",0,194,1,1,2,4,1,37,95,307,20,0],
[916,13,0,30,3,0,0,80,"角斗士的战斗拳套(勇猛)","トウシノ","攻撃時、一定確率で武器が覚醒し 6秒間[阿修羅覇王拳]のキャスティング時間 100% 減少(計算機未導入)",194,1,1,2,4,1,37,95,7197,25,7321,25,0],
[917,9,1,70,3,0,0,80,"角斗士的法杖(勇猛)","ウォーロ","魔法攻撃時、5% の確率でスタン効果追加",194,1,88,15,4,4,5,3,317,25,0],
[918,9,1,70,3,0,0,80,"角斗士的魔杖(英勇)","ウォーロ","魔法攻撃時、5% の確率でスタン効果追加",194,1,88,15,4,3,5,3,177,15,0],
[919,9,1,70,3,0,0,80,"角斗士的强力恢复魔杖(勇猛)","ツヨイカ","10秒ごとに SP5 回復。(計算機未導入)",194,1,88,15,91,14,94,14,0],
[920,9,1,70,3,0,0,80,"角斗士的快速恢复魔杖(英勇)","ハヤイカ","10秒ごとに SP5 回復。(計算機未導入)",194,1,88,15,4,3,5,2,74,15,0],
[921,14,0,50,3,0,0,80,"角斗士的英勇吉他(英勇)","センジョ",0,194,1,5,2,37,95,307,20,0],
[922,14,0,50,3,0,0,80,"角斗士的冲锋吉他(勇猛)","センジョ",0,194,1,5,2,37,95,5292,20,0],
[923,15,0,50,3,0,0,80,"角斗士的战斗锁链(英勇)","バトルラ",0,194,1,5,2,37,95,307,20,0],
[924,15,0,50,3,0,0,80,"角斗士的细韧锁链(勇猛)","バトルラ",0,194,1,5,2,37,95,5292,20,0],
[925,17,0,70,3,0,0,80,"角斗士的沙漠之鹰","ソルジャ","攻撃時、一定確率で武器が覚醒し 3秒間攻撃速度 100% 増加。(計算機未導入)",194,1,5,2,8,-10,37,55,307,20,0],
[926,18,0,50,3,0,0,80,"角斗士的来复枪","ソルジャ",0,194,1,5,2,8,10,10,10,37,75,307,20,7430,25,0],
[927,20,0,80,3,0,0,80,"角斗士的格林机关枪","ソルジャ","攻撃時、一定確率で武器が覚醒し 6秒間 ATK 80 増加。反動で毎秒 HP120 消失(計算機未導入)",194,1,5,2,37,35,307,20,0],
[928,19,0,100,3,0,0,80,"角斗士的散弹枪","ソルジャ","スプラッシュ攻撃<BR>攻撃時、一定確率で武器が覚醒し 6秒間 ATK 100 増加。反動で毎秒 HP100 消失(計算機未導入)",194,1,5,2,37,55,307,20,0],
[929,21,0,300,3,0,0,80,"角斗士的榴弹发射器","ソルジャ","攻撃時、一定確率で武器が覚醒し 9秒間 ATK 300 増加。反動で毎秒 HP120 消失(計算機未導入)",194,1,5,2,37,35,307,20,0],
[930,16,0,55,3,0,0,80,"角斗士的风魔手里剑(勇猛)","セントウ",0,194,1,1,2,5,1,37,95,307,20,0],
[931,16,0,55,3,0,0,80,"角斗士的真风魔手里剑(英勇)","セントウ","攻撃時、一定確率で武器が覚醒し 10秒間[風魔手裏剣投げ]と[一閃]の攻撃力 100% 増加(計算機未導入)",194,1,1,2,5,1,37,95,0],
[932,2,72,150,4,3,150,75,"暗夜王者的双尖刀刃(蓝)","ナハトズ","物理攻撃時、一定確率で 5秒間一般モンスターの防御力を無視する(計算機未導入)",20,1,220,105505,0],
[933,2,72,160,4,3,150,75,"暗夜王者的双尖刀刃(红)","ナハトズ","物理攻撃時、一定確率で 5秒間一般モンスターの防御力を無視する(計算機未導入)",20,3,220,112503,0],
[934,3,82,250,4,2,200,90,"名将之剑","テグリョ","JobLevelが 70の場合、物理攻撃時、低確率で 10秒間 ATK + 50(計算機未導入)<BR>精錬値が 9以上の場合、スキル使用時の消費SP及びディレイ 20% 減少",11,10,0],
[935,3,82,275,4,2,220,80,"紫堇巨剑","バイオレ","物理攻撃時、一定確率で 5秒間一般モンスターの防御力を無視する(計算機未導入)",221,19805505,221,19812503,0],
[936,9,82,60,4,0,70,75,"暗黑荆棘手杖","ヤミノイ","精錬値によって相手の魔法防御力の一部を無視する(計算式不明のため未導入)<BR>精錬値によってスキルの後ディレイが減少する(計算式不明のため未導入)",20,7,88,15,89,5,4,3,5,3,0],
[937,1,128,120,3,3,70,70,"追跡者短剑","ツイセキ","バックスタブ使用時、一定確率でバッシュ Lv10が発動。",1,1,2,2,5,1,5169,20,0],
[938,1,82,130,3,2,70,50,"象牙短剑","アイボリ","攻撃時、一定確率(3%)で敵に出血あるいは致命的な傷 Lv1効果を付与。",2,2,12,3,0],
[939,2,82,105,3,3,120,70,"元素之剑","エレメン","物理あるいは特定攻撃時、一定確率でボルト系魔法追加攻撃",1,2,4,4,5,1,89,5,40,10,0],
[940,3,82,200,4,2,200,70,"死亡引导者","シノイン","物理攻撃時、一定確率で自分と敵に特定状態異常がかかる。<BR>物理攻撃時、一定確率で自分を中心に半径 11 * 11セルの中の全てのモンスターに<BR>100%のダメージを与えながら準ダメージの 100% 程度HPを回復する。<BR>精錬値が 9以上の場合、15 * 15 セルの中の全てのモンスターに<BR>200%のダメージを与えながらHPを回復する。",1,5,2,2,11,20,0],
[941,5,82,160,3,1,100,50,"象牙骑士长矛","アイボリ","攻撃時、一定確率で敵に出血あるいは致命的な傷 Lv1効果を付与。",2,2,12,3,220,107105,0],
[942,5,121,150,4,1,560,70,"凯尔特长矛","カールド","精錬値によってDEFが追加で増加(計算式不明のため未導入)",12,-10,0],
[943,5,82,112,2,4,70,50,"战斗三叉戟","バトルフ",0,0],
[944,8,13,110,3,3,70,50,"黑色平底锅","ルナカリ","純粋 STRが 77 以上の場合、攻撃速度 + 4%、物理攻撃時 15% 確率でスタンをかける。<BR>動物形、植物形、魚類形モンスターを倒した時、5%確率で料理をドロップ。",0],
[945,10,124,105,4,2,100,60,"忘忧之弓","ネペンテ","ダブルストレイフィング使用時、一定確率でチャージアローがオートスペルで発動",0],
[946,10,55,125,4,1,125,80,"诅咒之弓","カースド","遠距離物理攻撃時、4%の確率で敵に呪いをかける。",6,-2,0],
[947,13,129,95,3,3,60,60,"希尔斯利翁之魂","ソウルオ","近接攻撃時、敵に一定確率で致命的な傷 Lv1効果を付与。<BR>猛虎硬爬山使用時、一定確率で発勁 Lv1が発動。<BR>物理攻撃時、一定確率で気功がオートスペルで発動。",0],
[948,9,82,80,4,0,50,70,"消除之杖","イレーサ","魔法攻撃時、一定確率で自分を中心に半径 11 * 11セルの中の全ての敵の SPを 20% 消去。<BR>精錬値が 10の場合、19 * 19セルの中の全ての敵の SPを 60% 消去。",88,15,89,5,4,3,5,2,76,8,0],
[949,14,130,110,3,3,70,70,"大提琴","チェロ","ミュージカルストライクに2セル、アローバルカンに 3セルノックバック効果が追加される",2,2,5,3,0],
[950,14,130,120,4,2,100,60,"忘忧竖琴","ハーブオ","ミュージカルストライク使用時、一定確率で対象にスタン効果",4,2,0],
[951,15,131,120,4,2,100,60,"忘忧鞭子","ステムオ","矢撃ち使用時、一定確率で対象に凍氷効果。<BR>精錬値が 9以上の場合、もっと高い確率で凍氷効果。",4,2,0],
[952,15,131,110,3,3,70,70,"摆锤鞭子","フリコム","矢撃ちに 2セル、アローバルカンに 3セルノックバック効果が追加される",2,2,5,3,0],
[953,50,1,5,0,0,85,0,"巨大的山羊头饰","巨大的山羊头饰","JOB レベルに対する一定の割合で ATK 増加(計算式不明のため未導入)",37,12,0],
[954,50,70,5,0,1,120,85,"龙头骨盔","ボーンヘ",0,1,2,19,5,151,5,158,5,0],
[955,50,82,1,0,1,30,85,"曼陀罗花帽子(VIT+3)","マンドラ","物理ダメージを受けた時、一定確率でオートスペルスクリーム Lv5が発動",3,3,193,1,0],
[956,50,0,3,0,1,10,0,"闪光的灯泡","カガヤク",0,67,10,230,105001,0],
[957,62,0,5,0,0,40,94,"阿斯富力咖","アスプリ","すべての属性の物理攻撃に対する耐性 30%<BR>(物理のみらしいので計算機の属性耐性欄には加算されません)",9,30,19,5,193,1,194,1,230,103501,0],
[958,60,86,7,0,1,0,80,"将军的突击铠甲","トツゲキ",0,13,150,19,2,57,2,0],
[959,60,56,7,0,1,0,80,"将军的强袭盔甲","セイエイ",0,13,150,19,2,57,2,0],
[960,60,52,7,0,1,0,80,"将军的阴影外袍","アンサツ",0,13,150,19,2,57,2,0],
[961,60,55,3,0,1,0,80,"指挥官的战斗外袍","ウォーロ",0,13,150,19,2,57,2,0],
[962,60,53,3,0,1,0,80,"指挥官的医疗外袍","エイセイ",0,13,150,19,2,57,2,0],
[963,60,54,3,0,1,0,80,"指挥官的皮甲","セイエイ",0,13,150,19,2,57,2,0],
[964,60,59,3,0,1,0,80,"狙击手的大衣","セイエイ",0,13,150,19,2,57,2,0],
[965,62,91,4,0,1,0,80,"将军的斗篷","シレイカ",0,13,50,19,1,57,1,0],
[966,62,89,3,0,1,0,80,"指挥官的披肩","シキカン",0,13,50,19,1,57,1,0],
[967,62,59,3,0,1,0,80,"狙击手的斗篷","ホアンカ",0,13,50,19,1,57,1,0],
[968,63,91,4,0,1,0,80,"将军的重靴","セントウ",0,13,100,19,1,57,1,0],
[969,63,89,3,0,1,0,80,"指挥官的军靴","グンクツ",0,13,100,19,1,57,1,0],
[970,63,59,3,0,1,0,80,"狙击手的长靴","セントウ",0,13,100,19,1,57,1,0],
[971,100,0,0,0,0,0,0,"突撃体長+戦闘グリ+司令官マント",0,"人間形モンスター以外から受けるダメージ 3倍増加<BR>受ける[ヒール]と一部回復アイテムの性能 10% 増加<BR>物理攻撃を受けた時、一定確率で10秒にわたって6000のHPを回復",3,3,15,12,0],
[972,100,0,0,0,0,0,0,"精鋭工兵+戦闘グリ+司令官マント",0,"人間形モンスター以外から受けるダメージ 3倍増加<BR>[ヒール]と[ポーションピッチャー]のHP回復量 10% 増加",1,3,15,12,194,1,5065,20,0],
[973,100,0,0,0,0,0,0,"暗殺者+戦闘グリ+司令官マント",0,"人間形モンスター以外から受けるダメージ 3倍増加<BR>物理攻撃を受けた時、一定確率で10秒にわたって3000のHPを回復",2,3,15,12,12,5,10,5,0],
[974,100,0,0,0,0,0,0,"ウォロク+軍靴+指揮官マント",0,"人間形モンスター以外から受けるダメージ 3倍増加<BR>物理攻撃を受けた時、一定確率で10秒間、鎧に念属性を付与",4,3,15,12,151,20,0],
[975,100,0,0,0,0,0,0,"衛生兵+軍靴+指揮官マント",0,"人間形モンスター以外から受けるダメージ 3倍増加<BR>物理攻撃を受けた時、一定確率で10秒間、鎧に念属性を付与",4,3,15,12,7037,50,91,6,94,6,0],
[976,100,0,0,0,0,0,0,"精鋭軍兵+軍靴+指揮官マント",0,"人間形モンスター以外から受けるダメージ 3倍増加",5,3,15,12,78,10,74,25,0],
[977,100,0,0,0,0,0,0,"精鋭射手+戦闘ブーツ+保安官マント",0,"人間形モンスター以外から受けるダメージ 3倍増加",5,3,15,12,78,10,74,25,0],
[978,64,51,1,0,0,0,70,"剑士勋章","ブコウク","近接物理攻撃時、低確率で敵にスタンをかける",80,5,89,5,8,10,13,500,14,50,0],
[979,64,52,1,0,0,0,70,"盗贼勋章","ブコウク","近接物理攻撃時、低確率で敵に毒をかける",80,5,89,5,9,10,13,300,14,80,0],
[980,64,53,1,0,0,0,70,"服事勋章","ブコウク","近接物理攻撃時、低確率で敵に沈黙をかける",80,5,89,5,19,6,13,600,0],
[981,64,55,1,0,0,0,70,"法师勋章","ブコウク","近接物理攻撃時、低確率で敵に石化をかける",80,5,89,5,19,6,13,600,0],
[982,64,54,1,0,0,0,70,"弓箭手勋章","ブコウク","近接物理攻撃時、低確率で敵に暗黒をかける",80,5,89,5,10,10,13,300,14,80,0],
[983,64,56,1,0,0,0,70,"商人勋章","ブコウク","近接物理攻撃時、低確率で敵に呪いをかける",80,5,89,5,12,10,13,500,14,50,0],
[984,64,59,1,0,0,0,70,"狙击手勋章","ホアンカ","遠距離物理攻撃時、一定確率で暗黒をかける",80,5,89,5,10,10,13,300,14,80,0],
[985,62,82,4,0,1,70,70,"暗夜王者的火焰斗篷","ナハトズ",0,15,5,89,1,19,2,43,2,0],
[986,60,79,5,0,0,170,70,"变色龙铠甲","カメレオ","ベースレベルの一定数値程度HPとSPが増加。(計算式不明のため未導入)<BR>魔法攻撃を受けた時、一定確率で鎧の能力が発動時、2秒間全ての魔法にかからない。<BR>ソードマン系、マーチャント系、シーフ系キャラクターが装備時、DEF + 3<BR>マジシャン系、アーチャー系、アコライト系キャラクターが装備時、MDEF + 5",0],
[987,60,79,3,0,1,100,0,"冲刺锁甲","スプリン","受けるヒールと回復アイテムの効能が 3%向上する",3,1,75,5,0],
[988,60,122,4,0,1,30,70,"根德拉长袍","カンドラ",0,2,1,9,5,12,2,0],
[989,60,79,5,0,1,100,0,"那伽的鱗片鎧甲","ナーガノ","一定確率で物理攻撃時、10秒間 ATK + 20 効果発動(計算機未導入)",19,2,0],
[990,60,54,6,0,1,40,75,"改良型紧身便衣","カイリョ",0,19,2,11,3,0],
[991,60,51,9,0,1,350,82,"活力之环","ライフリ",0,3,2,19,5,75,50,0],
[992,61,51,5,0,1,100,50,"骑马比武钢盾","トーナメ",0,80,1,0],
[993,61,79,3,0,1,50,0,"那伽的鱗片盾牌","ナーガノ","物理ダメージを受けた時、一定確率で物理ダメージを 5秒間反射。<BR>ダメージ反射率は盾の精錬値 1当たり3%ずつ増加",19,3,0],
[994,61,128,4,0,1,80,70,"阴暗盾牌","シャドウ",0,0],
[995,100,0,0,0,0,0,0,"シャドウガード+ウォーカー",0,"敵を攻撃した際高い確率で暗黒をかける。<BR>また攻撃を受けた時、10秒間 FLEE + 20 増加する確率が生ずる。(計算機未導入)",0],
[996,62,79,3,0,1,50,0,"泰德利路利翁的皮革","テンドリ",0,62,5,61,5,52,5,53,5,0],
[997,62,123,2,0,1,50,70,"穆西卡外袍","近接物理攻撃を受けた時、一定確率で自分にヒール Lv1を使用。<BR>もっと高いレベルを習得している場合、習得したレベルで発動",19,3,0],
[998,63,79,2,0,1,30,0,"冲刺长靴","スプリン",0,2,1,76,5,0],
[999,100,0,0,0,0,0,0,"スプリントセット",0,0,15,7,16,7,73,-3,74,15,0],
[1000,64,79,0,0,0,10,70,"怪盗戒指","エンジェ","ヒール、ポーションピッチャー、サンクチュアリ使用時、一定確率で指輪の能力が発動時、<BR>3秒間ヒール、ポーションピッチャー、サンクチュアリのHP回復効果が 20%増加する。(計算機未導入)",4,2,5,1,19,2,0],
[1001,64,79,0,0,0,10,0,"冲刺戒指","スプリン",0,73,-10,74,-5,0],
[1002,64,79,0,0,1,20,0,"樱叶堇的胸饰","ピンギキ",0,19,2,14,25,0],
[1003,64,122,1,0,0,10,80,"无情的心","レイジョ",0,2,3,0],
[1004,100,0,0,0,0,0,0,"盗賊＋冷情",0,"武器精錬値の一定数値によって攻撃速度増加。(計算式不明のため未導入)",28,8,0],
[1005,64,128,1,0,0,10,80,"黑猫","ブラック",0,5,3,0],
[1006,100,0,0,0,0,0,0,"盗賊＋黒猫",0,"武器精錬値によってHIT、詠唱速度増加。(計算式不明のため未導入)",29,8,0],
[1007,64,55,0,0,0,20,84,"诅咒之星","カースド","装備時、10秒当たりHP 50消費。装備解除時、HP 300 消費。<BR>遠距離物理攻撃時、2%の確率で敵に呪いをかける",5,2,6,-1,19,3,0],
[1008,100,0,0,0,0,0,0,"カースライアー＋スター",0,"呪いをかける確率 2% 追加",17,25,0],
[1009,64,1079,1,0,1,12,90,"亚麻织手套","リネング",0,2,2,5,1,19,1,0],
[1010,100,0,0,0,0,0,0,"改良タイツ＋リネング",0,0,11,5,0],
[1011,50,1,5,0,0,90,55,"Ｊ进化的兽人英雄头盔(STR+2、VIT+1)","Ｊ进化的兽人英雄头盔(STR+2、VIT+1)",0,1,2,3,1,15,10,0],
[1012,51,0,1,0,0,20,10,"机械电眼","机械电眼",0,5,1,89,2,17,2,0],
[1013,50,0,3,0,0,0,0,"圣火头冠","圣火头冠",0,63,20,220,105105,0],
[1014,50,0,5,0,0,25,0,"I LOVE CHINA(DEX+3)","我爱中国",0,5,3,57,10,193,1,0],
[1015,52,1,0,0,0,10,0,"Ｊ进化的烟斗","Ｊ进化的烟斗",0,3,1,52,5,0],
[1016,50,0,2,0,0,20,0,"Ｍ梦想升空竹蜻蜓(暂)","Ｍ梦想升空竹蜻蜓",0,2,2,5,1,9,10,0],
[1017,50,1,2,0,0,10,0,"Ｊ进化的天使发圈(INT+1、DEX+1)","Ｊ进化的天使发圈",0,4,1,5,1,19,3,56,3,0],
[1018,50,1,3,0,0,10,0,"Ｊ进化的恶魔发圈(STR+1、AGI+1)","Ｊ进化的恶魔发圈",0,1,1,2,1,9,3,56,3,0],
[1019,10,64,194,4,0,0,0,"贝利斯塔强弩(租)","贝利斯塔强弩(租)",0,25,20,0],
[1020,51,0,1,0,0,10,45,"Ｊ进化的红色小发带","Ｊ进化的红色小发带",0,9,5,0],
[1021,50,1,2,0,0,30,0,"玉兔头饰","玉兔头饰",0,2,3,0],
[1022,51,1,1,0,0,10,50,"曲棍球面罩","曲棍球面罩","中下段使用",37,5,0],
[1023,50,0,3,0,1,10,0,"Z诅咒的恶魔发带","诅咒的恶魔发带","SP+120",14,120,0],
[1024,51,0,1,0,0,20,70,"淘气妖精耳朵","淘气妖精耳朵",0,11,3,0],
[1025,52,0,0,0,0,10,0,"长长的烟斗","长长的烟斗",0,57,2,0],
[1026,50,0,1,0,1,20,30,"咪咪卡普拉","咪咪卡普拉","受到物理攻击时，以一定几率给与敌人随机状态异常。",19,5,0],
[1027,50,0,1,0,0,50,0,"神奇小猫帽子","神奇小猫帽子",0,89,3,74,3,16,3,19,3,0],
[1028,50,0,3,0,1,10,0,"红宝石发箍","红宝石发箍",0,4,1,89,3,173,3,0],
[1029,50,0,2,0,0,30,0,"暗黑头盔","暗黑头盔",0,5,4,19,1,0],
[1030,50,0,0,0,0,30,0,"魔法兔耳帽子","魔法兔耳帽子",0,2,3,0],
[1031,50,0,5,0,1,90,0,"真兽人英雄头盔","真兽人英雄头盔",0,1,2,0],

];
//id,类别,职业限制,防御力,0,洞数,重量,要求等级,名称,解释,其他解释,其他参数,0
ItemMax = 1031;
